Data of TT&C Time Windows

  Number of requirements         Number of equipments                   Scheduling horizon
                      29                           20                                           172800
Priorities of requirments:
1 10 5 4 2 9 2 1 5 8 7 4 8 2 5 10 8 10 4 7 4 7 6 9 10 3 4 5 1 
Number of laps of each requirment:
10 8 8 8 10 8 10 9 10 9 8 9 8 9 8 10 9 8 8 8 9 10 8 10 9 8 10 8 9 
setup times of each equipment:
360 360 360 360 360 360 360 360 360 360 360 360 360 360 360 360 360 360 360 360 
profits of each requirment on each equipment:
4 5 3 3 1 5 1 2 1 3 2 3 5 4 1 2 1 1 4 3 
3 5 2 5 5 4 1 5 4 3 5 3 4 2 3 1 1 4 1 5 
5 4 1 3 1 3 3 3 2 1 4 3 4 3 3 3 4 3 4 5 
4 3 2 5 2 3 5 2 2 4 3 2 1 3 5 4 3 3 5 4 
3 1 1 1 3 5 2 1 5 3 3 3 4 3 5 1 5 5 1 3 
4 4 1 3 1 4 2 1 5 2 5 5 3 3 1 3 1 5 2 5 
2 1 1 1 2 3 5 1 2 4 3 5 2 4 5 5 1 1 1 3 
2 2 1 2 1 2 3 2 3 4 1 3 4 1 1 5 1 3 4 2 
4 3 2 4 3 2 3 2 2 3 4 5 1 2 4 4 3 1 5 5 
4 1 3 2 3 3 4 3 5 2 2 1 3 2 4 3 3 3 3 3 
2 1 1 2 2 1 4 4 1 4 1 3 5 5 4 4 3 3 3 3 
2 4 4 4 1 4 3 2 4 1 2 1 1 3 1 2 2 3 3 1 
3 5 2 4 3 4 5 3 5 4 5 3 3 3 2 1 2 3 1 1 
3 2 2 3 3 3 4 3 2 2 3 3 1 2 5 1 3 2 2 3 
5 3 1 5 1 3 1 1 4 2 2 5 3 2 1 3 2 3 5 4 
1 1 1 1 4 3 3 3 1 4 2 5 4 5 2 1 3 1 1 2 
2 4 5 2 3 3 3 5 3 1 2 3 2 1 1 2 1 4 4 4 
2 2 5 2 1 2 4 2 1 5 4 2 5 2 3 4 3 4 3 5 
3 2 5 3 1 5 4 5 5 2 1 1 5 1 2 1 5 4 3 2 
2 3 5 3 2 3 4 4 4 2 5 3 5 3 4 4 4 4 3 3 
1 1 4 1 5 2 2 2 4 5 1 5 4 4 1 4 1 2 1 3 
1 1 3 1 5 3 2 3 3 2 4 5 1 3 1 4 1 4 3 3 
3 1 2 4 2 2 3 4 5 2 1 2 4 5 4 3 2 1 4 3 
5 1 1 2 2 2 3 5 5 4 1 1 2 2 2 4 4 2 1 2 
4 2 3 3 4 3 4 4 3 2 5 3 1 5 3 2 1 4 1 5 
2 5 1 1 5 3 1 4 1 1 1 1 4 3 2 1 5 1 3 3 
3 4 2 3 5 2 3 5 2 4 1 2 2 5 5 2 1 2 5 4 
5 1 4 4 4 1 2 4 1 2 1 3 4 2 2 1 2 3 1 4 
3 1 3 1 2 2 5 1 2 3 5 2 3 3 4 2 2 5 4 1 
lift or desced status of each lap of each rquirement(task):
0 0 0 0 1 1 1 1 1 1 
0 0 0 0 1 1 1 1 
1 1 1 1 0 0 0 0 
0 0 0 0 1 1 1 1 
1 1 1 1 0 0 0 0 0 0 
0 0 0 0 1 1 1 1 
1 1 1 1 0 0 0 0 0 0 
0 0 0 0 1 1 1 1 1 
1 1 1 1 0 0 0 0 0 0 
1 1 1 1 0 0 0 0 0 
1 1 1 1 0 0 0 0 
0 0 0 0 1 1 1 1 1 
1 1 1 1 0 0 0 0 
0 0 0 0 1 1 1 1 1 
0 0 0 0 1 1 1 1 
1 1 1 1 0 0 0 0 0 0 
0 0 0 0 1 1 1 1 1 
0 0 0 0 1 1 1 1 
1 1 1 1 0 0 0 0 
0 0 0 0 1 1 1 1 
0 0 0 0 1 1 1 1 1 
0 0 0 0 1 1 1 1 1 1 
1 1 1 1 0 0 0 0 
1 1 1 1 0 0 0 0 0 0 
1 1 1 1 0 0 0 0 0 
1 1 1 1 0 0 0 0 
1 1 1 1 0 0 0 0 0 0 
0 0 0 0 1 1 1 1 
0 0 0 0 1 1 1 1 1 
out status of each lap of each rquirement(task):
0 0 0 0 0 1 1 1 1 1 
1 1 1 1 0 0 0 0 
1 1 1 1 0 0 0 0 
0 0 0 1 1 1 1 1 
0 0 0 0 0 1 1 1 1 1 
1 1 1 1 0 0 0 0 
1 1 1 1 0 0 0 0 0 0 
1 1 1 1 0 0 0 0 0 
0 0 0 0 0 1 1 1 1 1 
1 1 1 1 0 0 0 0 0 
0 0 0 1 1 1 1 1 
0 0 0 0 1 1 1 1 1 
1 1 1 1 0 0 0 0 
0 0 0 0 1 1 1 1 1 
0 0 0 1 1 1 1 1 
0 0 0 0 0 1 1 1 1 1 
1 1 1 1 0 0 0 0 0 
1 1 1 1 0 0 0 0 
0 0 0 1 1 1 1 1 
0 0 0 1 1 1 1 1 
1 1 1 1 0 0 0 0 0 
0 0 0 0 0 1 1 1 1 1 
1 1 1 1 0 0 0 0 
1 1 1 1 0 0 0 0 0 0 
1 1 1 1 0 0 0 0 0 
1 1 1 1 0 0 0 0 
0 0 0 0 0 1 1 1 1 1 
0 0 0 1 1 1 1 1 
1 1 1 1 0 0 0 0 0 
in status of each lap of each rquirement(task):
1 1 1 1 0 0 0 0 0 0 
0 0 0 1 1 1 1 1 
0 0 0 1 1 1 1 1 
1 1 1 1 0 0 0 0 
1 1 1 1 0 0 0 0 0 0 
0 0 0 1 1 1 1 1 
0 0 0 0 0 1 1 1 1 1 
0 0 0 0 1 1 1 1 1 
1 1 1 1 0 0 0 0 0 0 
0 0 0 0 1 1 1 1 1 
1 1 1 1 0 0 0 0 
1 1 1 1 0 0 0 0 0 
0 0 0 1 1 1 1 1 
1 1 1 1 0 0 0 0 0 
1 1 1 1 0 0 0 0 
1 1 1 1 0 0 0 0 0 0 
0 0 0 0 1 1 1 1 1 
0 0 0 1 1 1 1 1 
1 1 1 1 0 0 0 0 
1 1 1 1 0 0 0 0 
0 0 0 0 1 1 1 1 1 
1 1 1 1 0 0 0 0 0 0 
0 0 0 1 1 1 1 1 
0 0 0 0 0 1 1 1 1 1 
0 0 0 0 1 1 1 1 1 
0 0 0 0 1 1 1 1 
1 1 1 1 0 0 0 0 0 0 
1 1 1 1 0 0 0 0 
0 0 0 0 1 1 1 1 1 
beginning time of each lap of each rquirement(task):
8221 13621 19021 24421 29821 35221 40621 46021 51421 56821 
18579 23979 29379 34779 40179 45579 50979 56379 
15497 20897 26297 31697 37097 42497 47897 53297 
32531 37931 43331 48731 54131 59531 64931 70331 
34719 40119 45519 50919 56319 61719 67119 72519 77919 83319 
46735 52135 57535 62935 68335 73735 79135 84535 
7737 13137 18537 23937 29337 34737 40137 45537 50937 56337 
70158 75558 80958 86358 91758 97158 102558 107958 113358 
12360 17760 23160 28560 33960 39360 44760 50160 55560 60960 
10399 15799 21199 26599 31999 37399 42799 48199 53599 
17911 23311 28711 34111 39511 44911 50311 55711 
85347 90747 96147 101547 106947 112347 117747 123147 128547 
27156 32556 37956 43356 48756 54156 59556 64956 
73381 78781 84181 89581 94981 100381 105781 111181 116581 
14899 20299 25699 31099 36499 41899 47299 52699 
22975 28375 33775 39175 44575 49975 55375 60775 66175 71575 
16992 22392 27792 33192 38592 43992 49392 54792 60192 
55790 61190 66590 71990 77390 82790 88190 93590 
48818 54218 59618 65018 70418 75818 81218 86618 
26489 31889 37289 42689 48089 53489 58889 64289 
3457 8857 14257 19657 25057 30457 35857 41257 46657 
47273 52673 58073 63473 68873 74273 79673 85073 90473 95873 
23142 28542 33942 39342 44742 50142 55542 60942 
25297 30697 36097 41497 46897 52297 57697 63097 68497 73897 
56075 61475 66875 72275 77675 83075 88475 93875 99275 
67756 73156 78556 83956 89356 94756 100156 105556 
50329 55729 61129 66529 71929 77329 82729 88129 93529 98929 
12068 17468 22868 28268 33668 39068 44468 49868 
31491 36891 42291 47691 53091 58491 63891 69291 74691 
finish time of each lap of each rquirement(task):
13621 19021 24421 29821 35221 40621 46021 51421 56821 62221 
23979 29379 34779 40179 45579 50979 56379 61779 
20897 26297 31697 37097 42497 47897 53297 58697 
37931 43331 48731 54131 59531 64931 70331 75731 
40119 45519 50919 56319 61719 67119 72519 77919 83319 88719 
52135 57535 62935 68335 73735 79135 84535 89935 
13137 18537 23937 29337 34737 40137 45537 50937 56337 61737 
75558 80958 86358 91758 97158 102558 107958 113358 118758 
17760 23160 28560 33960 39360 44760 50160 55560 60960 66360 
15799 21199 26599 31999 37399 42799 48199 53599 58999 
23311 28711 34111 39511 44911 50311 55711 61111 
90747 96147 101547 106947 112347 117747 123147 128547 133947 
32556 37956 43356 48756 54156 59556 64956 70356 
78781 84181 89581 94981 100381 105781 111181 116581 121981 
20299 25699 31099 36499 41899 47299 52699 58099 
28375 33775 39175 44575 49975 55375 60775 66175 71575 76975 
22392 27792 33192 38592 43992 49392 54792 60192 65592 
61190 66590 71990 77390 82790 88190 93590 98990 
54218 59618 65018 70418 75818 81218 86618 92018 
31889 37289 42689 48089 53489 58889 64289 69689 
8857 14257 19657 25057 30457 35857 41257 46657 52057 
52673 58073 63473 68873 74273 79673 85073 90473 95873 101273 
28542 33942 39342 44742 50142 55542 60942 66342 
30697 36097 41497 46897 52297 57697 63097 68497 73897 79297 
61475 66875 72275 77675 83075 88475 93875 99275 104675 
73156 78556 83956 89356 94756 100156 105556 110956 
55729 61129 66529 71929 77329 82729 88129 93529 98929 104329 
17468 22868 28268 33668 39068 44468 49868 55268 
36891 42291 47691 53091 58491 63891 69291 74691 80091 
the status that whether each lap of each rquirement(task) perfomed by each equipment: 
1 0 1 0 0 1 1 0 0 0 0 1 0 1 1 1 1 0 0 1 
0 1 1 0 0 1 0 1 0 1 1 0 0 1 0 1 1 0 1 0 
1 1 1 0 1 1 1 1 0 1 1 1 1 1 1 1 1 0 1 0 
0 0 0 0 0 1 1 0 0 1 0 1 1 0 1 1 1 0 1 1 
1 0 1 0 1 0 0 1 0 1 1 1 0 1 1 0 0 1 0 0 
1 1 1 1 1 1 1 1 0 1 0 1 1 1 0 1 0 0 1 1 
0 0 0 0 1 1 1 1 1 1 1 1 1 1 0 0 1 0 1 0 
1 1 0 0 0 1 0 1 1 1 0 1 0 1 1 1 1 1 1 0 
1 0 0 1 0 1 1 1 1 1 0 1 0 1 0 1 0 1 1 1 
1 1 0 1 1 1 1 0 0 1 1 0 1 1 1 0 0 1 1 1 
0 1 1 0 1 1 0 1 1 0 1 1 0 0 0 1 0 1 0 0 
0 1 1 1 1 1 1 0 0 0 1 1 0 0 1 1 0 1 0 1 
1 1 1 1 1 1 1 1 1 0 1 0 1 1 0 1 0 0 1 0 
1 1 1 1 1 1 1 0 0 1 0 1 1 1 1 1 1 1 1 0 
1 1 1 0 0 1 1 1 0 0 0 0 0 0 0 1 1 0 0 1 
1 1 0 1 0 1 1 1 0 0 0 1 1 1 1 0 1 1 1 0 
0 1 1 1 0 1 1 1 1 0 1 1 1 1 1 1 1 0 1 1 
0 1 0 1 0 1 0 1 1 1 0 0 0 1 0 0 1 0 1 1 
0 0 1 1 1 0 1 1 1 0 0 1 1 1 1 0 1 0 0 0 
0 1 1 0 1 1 1 1 1 1 1 1 1 1 1 0 1 1 1 1 
0 1 1 0 1 1 0 1 1 0 1 0 1 1 0 1 1 0 1 1 
0 1 1 0 1 1 1 1 1 0 1 1 1 0 1 1 1 1 1 1 
1 1 1 1 0 1 1 0 1 0 1 1 0 1 0 1 0 1 0 1 
0 1 1 0 0 0 1 0 1 1 1 1 0 1 0 0 1 1 1 1 
1 0 0 1 1 1 1 0 1 1 0 0 1 1 0 1 1 1 1 0 
0 1 1 0 0 1 1 1 0 1 0 0 0 0 1 0 1 1 0 0 
1 0 1 1 1 1 1 1 0 1 1 1 0 1 1 0 1 1 1 0 
0 1 1 0 0 1 0 0 0 0 1 1 0 0 1 0 1 0 1 1 
0 0 1 0 1 0 0 1 1 1 0 0 1 1 1 0 1 0 1 1 
1 0 0 1 1 1 0 1 0 0 1 0 1 0 1 1 0 1 1 1 
0 0 1 0 1 1 1 1 0 0 1 1 0 1 1 1 0 1 1 1 
0 1 1 1 1 0 0 0 1 0 1 0 0 1 1 0 0 1 1 1 
1 0 1 1 1 1 0 0 0 0 0 0 0 1 0 0 1 1 0 0 
0 0 1 1 0 1 0 1 0 1 0 0 1 0 1 1 1 0 1 0 
0 0 1 1 0 1 1 1 0 1 1 0 1 1 1 0 1 0 1 0 
1 0 0 0 0 1 1 1 0 1 0 0 1 0 1 1 0 1 1 0 
0 0 1 0 0 0 1 1 1 1 1 0 1 1 0 1 1 1 1 0 
0 1 1 1 1 0 0 0 1 1 1 0 0 1 1 1 1 0 0 1 
0 0 0 0 1 0 0 1 0 0 1 0 1 1 0 1 1 0 1 0 
1 0 1 1 1 1 1 0 1 1 1 1 1 0 0 0 0 1 0 1 
0 0 0 0 1 1 0 0 0 1 0 1 1 1 0 1 0 0 0 1 
1 1 1 1 0 1 0 0 0 1 0 1 0 0 1 1 0 1 0 0 
1 1 0 1 1 1 1 1 1 1 1 0 1 1 1 0 0 1 1 0 
0 1 1 0 0 1 1 0 1 1 1 1 1 1 1 1 0 1 1 0 
1 0 1 0 1 1 1 1 0 1 0 1 1 1 0 1 1 0 1 1 
0 0 1 0 0 1 1 0 0 0 0 0 0 1 1 1 1 0 1 1 
0 1 1 0 0 0 1 1 1 1 1 1 1 1 0 1 0 1 1 1 
0 0 0 1 1 0 1 0 1 1 1 1 1 1 0 0 1 1 0 0 
0 1 0 1 1 1 1 1 1 1 0 1 0 1 1 0 1 0 1 1 
1 1 0 1 0 0 0 1 1 1 1 0 1 1 1 0 1 0 0 1 
1 0 1 0 1 0 1 1 0 1 1 1 1 1 0 0 1 1 0 1 
0 1 1 1 0 1 1 1 1 0 1 1 0 1 0 1 1 1 1 0 
1 1 1 1 1 1 1 1 1 1 1 1 0 1 1 1 0 0 1 0 
1 1 1 1 0 1 0 1 1 0 0 0 1 1 1 0 1 1 1 1 
1 1 1 1 1 0 0 1 1 1 1 0 1 1 0 1 1 0 1 1 
1 1 1 0 0 1 0 1 1 1 1 0 0 1 1 0 1 1 1 0 
0 1 1 1 1 0 0 1 1 1 1 0 0 1 1 1 0 0 1 0 
0 1 1 0 1 0 0 1 1 1 1 0 0 1 1 0 1 0 1 1 
1 1 1 1 0 1 0 0 1 1 1 1 0 1 0 1 1 1 1 1 
1 1 1 1 1 0 1 1 1 1 0 1 0 0 0 1 1 1 1 1 
0 0 1 0 0 0 0 1 0 0 1 0 0 0 1 1 0 1 1 0 
0 1 0 1 0 0 1 1 1 1 1 0 1 1 0 0 0 1 0 1 
1 1 0 0 0 1 1 1 0 1 1 1 0 1 0 1 1 1 0 1 
0 1 0 1 0 1 1 0 1 0 1 0 1 1 0 0 0 1 1 0 
0 0 1 0 0 1 1 0 0 0 0 0 0 0 1 0 0 0 0 0 
1 0 1 1 0 1 1 1 1 1 0 0 1 0 0 1 1 1 1 1 
0 0 1 0 1 1 0 0 1 1 1 1 0 1 1 0 0 0 1 0 
1 1 0 1 1 1 1 0 1 0 1 1 1 0 1 0 0 0 1 0 
1 0 0 0 1 0 1 1 1 1 1 1 1 1 1 1 1 1 1 1 
0 1 1 0 1 0 0 0 1 1 0 1 1 1 0 1 0 0 0 1 
1 1 1 1 0 0 1 1 0 0 0 1 1 1 1 1 1 1 1 0 
1 1 0 0 0 1 0 0 0 1 1 0 1 1 0 1 1 1 1 1 
1 0 0 1 0 0 0 1 1 0 1 1 1 1 0 1 0 1 1 0 
0 0 1 0 0 1 1 0 0 1 1 1 0 1 1 1 0 1 0 1 
1 1 0 1 1 0 1 1 1 1 1 1 1 0 0 0 1 1 1 1 
1 1 0 1 0 1 1 1 1 1 1 0 0 1 1 1 0 1 1 1 
1 1 1 0 1 0 0 0 1 1 1 0 0 1 0 1 1 1 0 1 
0 1 1 0 0 0 1 1 1 1 1 1 1 0 1 1 1 0 1 1 
1 1 0 1 1 0 0 0 1 0 1 0 0 0 1 1 1 0 1 1 
1 0 1 1 0 0 1 0 1 1 1 1 1 1 1 1 1 0 1 1 
0 0 1 1 1 0 1 1 1 0 1 0 1 0 1 1 0 0 0 1 
1 0 0 1 0 1 0 1 1 1 1 0 1 1 1 1 1 0 0 1 
1 1 0 1 1 1 0 1 1 1 1 1 0 1 0 1 0 1 1 1 
0 0 1 1 0 1 1 1 0 0 1 1 1 1 1 0 0 1 0 1 
1 1 1 0 1 1 1 0 1 1 0 1 1 0 1 1 1 0 1 1 
0 0 1 1 0 0 1 1 1 1 0 1 1 0 1 1 1 1 1 1 
1 1 1 0 0 0 1 0 1 0 1 1 0 1 0 0 1 0 1 1 
0 0 1 1 1 1 1 1 1 1 1 1 1 1 1 1 1 1 1 1 
1 0 0 1 1 0 0 1 0 1 0 0 1 0 0 1 1 1 0 1 
0 0 0 1 1 1 0 0 1 1 1 0 1 0 1 1 1 0 1 1 
1 1 1 1 0 0 1 1 0 0 0 1 1 1 0 1 0 0 1 0 
0 1 0 1 0 0 1 0 0 1 1 1 1 1 0 1 0 1 1 0 
1 0 1 0 0 0 1 1 0 0 1 0 1 0 1 1 0 0 0 0 
1 0 0 1 1 0 1 0 0 1 0 1 1 0 1 1 0 1 1 0 
0 0 1 1 0 1 1 1 1 0 0 1 1 1 1 0 1 0 0 0 
1 0 1 0 1 1 0 1 0 0 0 1 1 1 1 1 1 1 1 1 
1 1 0 1 1 0 1 1 1 0 1 0 0 1 1 0 1 1 0 1 
0 0 0 1 1 1 1 1 1 0 0 0 0 1 0 1 1 1 0 1 
0 0 1 0 1 0 0 1 1 1 1 0 1 1 0 1 1 1 0 1 
1 0 1 0 0 0 1 1 0 1 1 0 0 0 0 0 0 1 1 1 
1 1 1 1 1 1 1 1 1 1 0 0 1 0 0 1 0 1 1 0 
1 1 1 1 1 0 0 1 0 1 0 1 1 1 0 1 0 1 0 0 
1 0 0 1 0 0 0 1 1 1 1 0 0 0 1 0 1 1 0 1 
0 1 1 1 0 0 1 0 1 0 1 1 0 0 1 1 1 0 1 1 
0 0 0 1 0 0 0 0 0 0 1 1 1 0 1 0 1 0 0 1 
1 1 1 1 0 1 1 1 1 1 0 0 0 1 1 0 0 1 0 0 
1 0 0 0 1 1 1 1 1 1 1 1 0 0 1 1 0 0 1 0 
0 0 0 1 0 1 0 1 1 1 1 1 0 1 0 0 1 1 0 1 
1 1 0 0 1 1 1 0 1 1 1 0 1 1 0 1 1 1 1 1 
1 1 0 0 1 0 1 0 0 1 1 1 1 1 1 1 1 1 1 1 
0 0 1 1 0 1 1 1 1 1 1 0 0 0 1 0 0 1 0 1 
1 0 1 1 0 1 0 0 1 0 1 0 1 1 0 1 0 1 1 0 
1 1 1 1 0 1 0 1 1 0 1 1 1 0 1 0 1 1 0 0 
1 1 0 1 0 0 1 1 1 1 1 1 0 1 0 1 0 1 0 1 
1 1 1 1 1 0 1 1 1 0 1 0 1 1 1 0 1 1 1 0 
1 1 1 1 0 1 1 0 1 1 0 0 1 0 1 1 0 1 1 0 
1 1 1 1 0 0 0 0 0 1 0 0 1 1 1 1 0 1 1 0 
1 1 1 1 0 1 1 0 1 0 0 0 1 0 0 0 1 1 1 1 
0 1 1 1 1 1 1 1 0 1 0 1 0 0 0 0 1 1 1 1 
1 1 0 1 1 1 1 0 1 0 1 1 1 1 0 0 1 1 1 1 
1 1 1 1 1 1 0 1 1 1 1 0 1 1 1 0 1 1 1 1 
1 1 1 0 1 1 1 0 0 1 0 1 0 0 1 1 0 1 1 1 
1 0 0 0 1 0 1 0 1 0 1 1 1 0 1 1 1 0 1 1 
1 1 1 1 1 1 1 1 1 1 1 1 0 1 0 0 1 1 1 1 
1 1 1 1 1 0 1 1 0 0 1 0 0 0 0 0 0 1 1 1 
1 0 1 1 0 0 1 1 1 1 0 1 0 1 1 0 1 1 0 0 
1 1 0 1 0 0 1 1 0 0 1 0 1 0 0 1 1 1 1 1 
1 1 1 0 1 1 1 0 1 1 0 1 1 1 1 1 1 1 1 1 
0 0 1 0 1 1 1 1 1 1 1 0 1 0 0 1 1 1 0 1 
1 1 1 0 0 0 1 0 1 1 1 1 1 1 1 0 1 0 1 1 
0 1 1 1 1 1 1 0 1 0 0 1 1 1 0 1 0 0 0 0 
1 0 1 0 0 0 0 0 1 1 1 1 1 1 1 1 0 1 0 0 
0 1 1 1 0 0 1 0 0 1 1 1 0 1 1 1 1 0 1 0 
1 1 0 1 0 0 1 0 1 0 0 1 0 1 0 1 0 1 1 1 
1 1 0 0 1 1 0 0 1 0 0 1 0 0 1 1 0 1 1 0 
1 1 1 0 0 0 1 0 1 0 1 0 1 0 0 1 1 0 1 1 
0 0 0 1 0 1 1 1 1 0 1 1 0 1 1 1 1 0 0 1 
1 1 1 0 1 0 0 1 1 0 0 0 0 1 0 1 0 0 0 0 
1 1 1 0 1 0 0 1 1 1 1 0 1 0 1 1 1 1 1 1 
1 0 1 0 1 0 1 1 1 0 1 1 1 1 0 1 0 1 0 0 
1 1 0 1 0 0 1 1 1 1 1 1 1 1 1 1 1 1 1 1 
0 1 0 0 1 1 1 0 1 0 1 1 1 1 1 0 1 1 0 1 
1 0 1 1 1 0 1 1 1 1 0 1 0 1 0 1 0 1 1 0 
0 1 1 1 1 1 1 0 1 0 0 0 0 0 1 0 0 1 0 0 
0 1 0 1 0 0 1 1 1 1 1 0 1 0 1 0 1 0 1 1 
1 1 1 1 1 1 0 1 1 1 1 0 1 1 1 1 1 1 1 1 
0 0 1 1 0 1 1 1 0 0 0 1 1 1 1 1 1 1 1 1 
1 0 0 1 1 0 1 1 1 1 1 1 0 1 0 1 0 0 1 1 
1 0 1 1 1 1 1 1 0 1 0 0 1 1 1 0 1 1 1 1 
0 1 0 0 0 1 0 1 1 0 0 0 1 1 0 0 0 1 0 1 
0 1 0 0 0 1 1 1 1 1 1 1 0 1 0 0 1 1 1 0 
1 1 0 1 0 1 0 0 0 0 1 1 1 1 0 0 1 1 0 1 
0 1 1 0 0 0 1 0 1 0 0 0 0 1 1 0 0 0 1 1 
1 0 0 0 0 0 1 0 0 1 1 1 1 0 0 1 0 1 1 0 
0 1 1 0 1 1 1 1 1 0 1 1 0 1 1 0 1 1 0 1 
0 1 0 0 0 1 1 1 0 1 1 1 1 1 1 1 1 0 0 1 
1 1 0 1 1 0 1 1 1 0 0 1 0 1 0 1 0 1 0 0 
1 1 1 1 1 0 0 1 1 1 0 0 1 1 0 0 1 0 1 1 
1 1 0 0 1 1 0 0 0 1 1 1 1 1 1 1 0 1 0 1 
0 1 0 1 1 1 1 1 1 1 0 0 0 0 1 0 1 1 1 0 
1 1 1 1 1 1 0 1 1 0 1 0 1 0 0 0 0 1 1 0 
0 0 1 0 0 0 1 0 1 1 1 1 1 1 1 0 1 0 1 0 
1 1 1 1 1 0 1 0 1 0 1 0 1 1 1 0 1 0 0 0 
1 1 0 0 1 1 1 1 0 0 0 1 1 1 1 0 1 0 0 0 
0 1 1 1 1 0 0 0 1 1 0 0 0 1 0 1 1 0 0 1 
1 1 0 0 0 0 1 1 0 1 1 0 1 0 1 0 1 1 0 1 
0 1 1 0 0 0 1 1 1 0 1 1 0 1 0 1 1 0 1 1 
1 0 0 0 0 1 1 0 1 0 1 0 0 1 0 1 1 1 0 1 
1 1 1 0 1 1 0 0 1 1 1 0 1 1 1 0 0 1 1 0 
0 1 0 0 1 0 0 1 1 0 1 0 0 0 1 1 1 1 0 1 
1 1 1 1 1 1 1 1 1 0 0 0 0 0 0 1 1 0 0 1 
0 1 1 0 0 1 1 1 0 0 1 1 1 1 0 1 0 1 1 0 
0 0 0 0 1 0 1 1 1 1 1 1 0 0 1 0 0 1 1 0 
0 1 1 0 1 1 0 0 1 0 0 0 1 0 1 1 1 0 0 1 
1 0 1 1 0 1 1 1 1 0 1 0 0 0 0 0 1 0 1 1 
0 0 1 1 1 1 1 1 1 0 0 0 0 0 1 1 1 1 1 0 
1 1 0 0 1 1 1 0 0 0 0 0 0 0 0 1 1 0 0 1 
0 1 0 1 0 0 1 0 1 1 1 1 0 1 1 0 0 1 0 1 
1 0 0 0 0 0 1 1 1 1 0 1 0 0 1 0 1 1 1 1 
1 0 0 1 0 1 1 1 1 1 1 1 1 1 0 1 1 1 1 1 
1 0 1 1 1 1 1 1 0 0 1 1 0 0 1 1 1 1 0 1 
0 0 1 0 0 1 0 1 1 0 1 0 0 0 0 1 1 0 0 1 
1 1 0 1 1 1 1 0 1 1 1 0 1 1 1 1 1 1 1 1 
0 1 0 1 0 0 1 1 0 0 0 1 0 1 1 1 1 1 1 1 
1 1 0 0 1 0 1 1 0 1 0 1 1 1 1 0 1 0 1 1 
1 1 1 1 1 0 0 1 0 1 1 1 1 0 1 0 1 0 1 0 
0 0 1 0 1 1 0 0 1 0 1 1 0 1 1 0 1 1 1 1 
1 1 0 1 1 1 0 1 1 0 1 0 0 1 0 1 1 0 1 1 
1 0 0 1 1 0 1 0 1 0 0 1 1 0 1 1 0 0 1 1 
1 1 0 0 1 1 0 1 0 0 1 0 1 1 0 1 1 0 1 0 
0 0 0 1 1 1 1 1 1 1 1 0 1 0 1 0 0 1 0 0 
1 1 1 1 1 0 1 1 0 0 0 1 1 0 0 0 0 0 0 1 
0 1 1 1 0 1 1 1 0 0 0 0 1 0 1 0 1 1 0 1 
1 1 1 1 0 1 0 1 1 0 0 1 0 0 1 1 1 1 1 1 
0 0 1 1 1 0 0 1 0 1 1 1 1 1 1 0 1 1 1 1 
1 0 0 1 1 0 0 1 0 0 1 1 0 1 1 0 0 0 1 0 
0 0 1 1 1 1 1 1 1 1 1 0 1 1 0 1 0 0 0 1 
1 0 1 0 1 0 1 0 0 0 0 1 1 1 1 1 1 1 0 0 
0 1 1 1 0 1 1 1 0 0 1 1 0 1 1 1 1 0 0 0 
1 1 0 0 1 1 1 1 1 1 1 1 1 0 1 0 0 0 1 0 
1 1 1 0 0 1 1 1 1 1 0 1 1 1 1 1 0 1 0 1 
1 0 1 0 1 0 1 1 0 1 1 0 0 1 1 1 0 0 0 1 
1 0 1 0 0 0 0 1 1 0 1 1 1 1 1 1 1 1 0 0 
1 1 1 0 1 0 1 1 0 1 1 1 0 1 0 1 1 1 1 1 
0 0 1 0 0 1 0 0 1 1 1 0 0 1 1 1 0 1 0 0 
1 0 1 1 0 0 1 1 1 1 1 0 0 1 1 1 0 1 0 0 
1 1 1 0 1 0 0 1 0 1 1 0 1 1 1 0 0 0 0 1 
0 1 0 0 1 0 1 0 1 0 0 1 0 0 1 1 1 1 1 1 
1 0 1 1 1 1 1 0 1 1 0 1 1 1 0 1 1 1 1 1 
1 0 1 0 0 0 0 0 0 0 1 1 1 0 1 1 1 1 1 1 
0 1 0 1 1 1 1 0 1 1 0 0 1 1 1 0 0 1 1 1 
0 0 1 0 1 1 1 0 1 1 1 0 1 0 1 0 0 0 1 1 
0 1 0 1 1 1 0 1 1 1 1 0 1 1 1 1 0 1 1 1 
1 0 1 0 1 0 1 0 0 1 0 0 0 1 1 0 1 1 0 1 
1 1 1 0 0 1 0 0 1 0 0 0 1 1 1 1 1 0 1 1 
1 1 1 0 1 0 1 0 0 1 1 1 1 0 0 1 1 1 1 1 
1 1 0 1 1 1 1 0 1 1 0 0 1 1 0 1 0 1 1 0 
0 0 0 0 0 1 1 0 0 0 0 1 0 1 1 0 0 0 1 0 
0 1 0 1 1 0 0 1 0 1 0 1 1 0 1 1 1 0 0 0 
0 0 0 0 0 1 1 0 1 0 1 1 1 1 1 1 1 1 1 0 
0 1 1 0 1 0 0 1 0 0 0 1 0 0 0 1 0 1 1 1 
1 1 1 1 0 1 0 0 1 1 0 1 0 1 1 1 0 0 0 1 
0 0 1 1 0 1 0 1 1 1 0 0 1 1 0 0 1 1 0 1 
1 1 1 1 0 1 1 0 0 0 1 1 1 1 0 1 1 1 1 1 
1 1 0 1 0 0 0 0 1 1 1 1 1 1 0 1 1 0 1 0 
0 0 1 1 0 1 0 0 0 1 1 0 0 0 1 1 1 1 1 0 
1 0 1 0 0 0 0 1 0 0 1 1 0 1 1 1 1 1 1 1 
0 0 1 1 1 0 1 1 0 0 0 1 1 1 0 0 1 0 1 1 
0 0 0 0 1 1 1 1 0 1 1 0 1 0 1 1 0 0 0 0 
0 1 1 1 0 1 0 0 0 0 0 1 1 1 0 1 0 1 0 1 
1 0 0 1 1 1 1 0 0 0 1 0 1 0 0 1 0 1 1 1 
0 1 0 1 1 1 0 0 1 1 1 1 1 1 1 1 1 1 1 1 
1 0 1 0 0 0 1 1 1 1 0 1 1 1 0 0 0 1 1 1 
0 1 0 1 1 1 1 1 1 0 1 0 0 0 1 1 1 0 0 1 
0 0 0 1 1 1 1 1 1 1 1 1 1 1 1 1 1 0 1 0 
1 0 1 1 0 1 1 1 1 0 1 1 1 0 1 0 1 1 0 0 
1 0 0 1 1 0 1 1 1 0 1 1 0 0 0 0 1 0 1 1 
0 1 1 1 0 0 1 1 0 1 1 1 0 1 0 1 1 1 0 0 
0 1 1 1 1 1 1 0 1 1 1 0 0 0 1 1 0 1 0 0 
1 1 1 1 1 1 1 0 0 0 1 1 1 1 1 1 0 0 0 0 
0 1 1 1 0 1 0 0 1 0 0 1 0 1 1 1 1 0 1 0 
0 1 0 0 1 0 1 0 1 1 1 1 1 1 1 0 1 0 0 0 
0 0 0 0 1 1 0 1 1 0 1 0 0 1 1 0 1 0 0 1 
0 1 1 1 1 1 0 0 1 1 1 1 1 1 0 0 0 1 0 1 
1 0 1 0 1 0 1 1 0 0 1 1 1 1 0 1 1 1 1 1 
0 0 0 0 0 1 1 0 1 1 0 0 0 1 1 0 1 1 1 1 
1 1 1 1 0 1 1 0 1 0 1 1 0 1 0 1 0 1 1 1 
0 1 1 1 0 1 1 1 1 1 1 1 1 1 0 1 1 0 1 1 
0 1 1 1 1 0 1 1 0 0 0 1 1 0 0 1 1 0 0 1 
1 0 1 1 1 0 1 0 0 1 1 0 0 1 0 1 1 0 1 1 
1 1 0 0 0 0 1 1 1 1 1 1 1 0 1 1 1 1 0 1 
1 0 1 0 1 1 1 1 1 1 0 1 1 1 1 0 0 0 0 1 
1 1 0 0 1 0 0 0 0 1 1 1 0 0 1 1 1 0 0 0 
1 1 1 0 1 0 1 1 1 0 1 1 0 0 1 1 1 1 1 1 
0 1 0 1 0 1 0 1 1 0 0 1 0 1 1 1 1 0 0 0 
0 0 1 0 1 0 1 0 1 1 1 1 1 1 1 0 1 1 1 0 
the beginning time each lap of each rquirement(task) perfomed by each equipment: 
11327 0 11905 0 0 12625 8723 0 0 0 0 9863 0 12052 12270 11411 10402 0 0 10496 
0 18043 15851 0 0 15741 0 17123 0 17527 15808 0 0 17318 0 17071 14377 0 15325 0 
19992 22827 23402 0 20108 20371 20243 21990 0 20431 22473 19832 23222 19924 22082 21606 22929 0 19429 0 
0 0 0 0 0 24709 24492 0 0 28586 0 26612 24761 0 27635 25531 24816 0 26298 25871 
31358 0 33327 0 29897 0 0 34316 0 31415 33854 29863 0 30507 30431 0 0 30688 0 0 
39390 39339 36708 38103 38158 37704 39095 35509 0 36617 0 35391 39544 36112 0 37787 0 0 39172 36685 
0 0 0 0 41258 41092 44163 43828 41686 45113 41408 44028 44126 43259 0 0 43531 0 42960 0 
47279 46572 0 0 0 48804 0 48660 49245 46024 0 49464 0 50402 50056 49081 48070 47626 49095 0 
55387 0 0 53479 0 55006 52224 53493 53562 55544 0 52926 0 53330 0 55741 0 52279 52494 54929 
60286 58993 0 57427 61021 60323 58904 0 0 59210 61109 0 57851 59888 56879 0 0 60237 57538 57811 
0 22704 22170 0 19927 21323 0 20952 20090 0 19289 19826 0 0 0 21156 0 22863 0 0 
0 26743 26643 27597 26353 24469 27807 0 0 0 26077 24397 0 0 26763 25780 0 27823 0 27671 
30538 33449 33233 33071 29584 33221 30996 32396 30419 0 31613 0 30172 32060 0 33787 0 0 32097 0 
36693 35935 38487 37755 39147 37579 37536 0 0 35544 0 38963 35981 36893 38313 38983 37043 38708 38727 0 
40854 43111 42136 0 0 44340 42606 42695 0 0 0 0 0 0 0 41117 43512 0 0 41249 
46716 49548 0 46836 0 49836 45677 49648 0 0 0 46686 47423 49486 48398 0 49403 48419 49946 0 
0 55453 53428 53006 0 51592 53151 53682 51051 0 54483 54410 51330 54347 51831 51764 53346 0 53249 51213 
0 58619 0 56634 0 60543 0 60763 57482 59591 0 0 0 57574 0 0 60070 0 59470 57451 
0 0 18852 18887 16620 0 15957 18110 19347 0 0 17118 16622 17585 16709 0 15951 0 0 0 
0 25185 22197 0 21114 24139 22563 23507 24663 22078 23177 22323 21497 24941 21605 0 23696 24451 23859 24103 
0 26856 28559 0 27648 29757 0 27125 30141 0 27649 0 30268 27221 0 27256 30582 0 29648 27522 
0 34379 33871 0 33712 34231 32057 34127 34556 0 34634 33305 33536 0 35609 34484 35483 32558 31873 35688 
40389 40779 38292 38352 0 38794 40669 0 37564 0 40854 40491 0 37220 0 41086 0 40185 0 41157 
0 44167 43766 0 0 0 46877 0 44892 46388 43299 44371 0 42508 0 0 46141 44853 43302 46422 
51660 0 0 49753 51027 48511 48251 0 51388 50770 0 0 51289 51413 0 47916 47902 51625 51759 0 
0 55934 57285 0 0 56343 55428 55899 0 55138 0 0 0 0 53929 0 53930 54735 0 0 
33908 0 33835 34348 32675 36761 33891 35250 0 33423 35246 34448 0 33674 36386 0 35912 34753 32801 0 
0 40837 41159 0 0 38700 0 0 0 0 40298 42066 0 0 39415 0 41204 0 39681 40098 
0 0 45348 0 47489 0 0 44091 44309 43866 0 0 43638 45940 47062 0 47521 0 43342 44843 
50456 0 0 49399 49217 52302 0 49550 0 0 49353 0 50632 0 50752 51268 0 52281 52664 49269 
0 0 56115 0 54319 54543 57850 57013 0 0 55275 57465 0 54474 58535 58585 0 56100 57373 56033 
0 62402 61061 60485 62005 0 0 0 59640 0 62233 0 0 63220 60073 0 0 63934 63609 60300 
68376 0 65261 66471 67483 69309 0 0 0 0 0 0 0 64996 0 0 68314 68335 0 0 
0 0 72308 71100 0 70834 0 73307 0 74279 0 0 72725 0 71125 74696 73839 0 71860 0 
0 0 35091 37109 0 38028 37919 38383 0 38859 38028 0 38364 38236 35126 0 36229 0 35450 0 
40601 0 0 0 0 42846 42242 43610 0 42769 0 0 41895 0 42126 44587 0 40515 43150 0 
0 0 48737 0 0 0 46891 49587 49142 46693 48740 0 46708 46979 0 49078 49872 45892 48990 0 
0 52438 54177 52144 53907 0 0 0 52178 51737 51789 0 0 54261 55044 51251 51807 0 0 54934 
0 0 0 0 58407 0 0 58729 0 0 57250 0 56669 58218 0 56704 59196 0 57286 0 
62909 0 61731 63972 62781 62001 66216 0 61855 62571 62973 64873 63781 0 0 0 0 63552 0 63920 
0 0 0 0 70980 70392 0 0 0 68588 0 68388 67492 69522 0 70978 0 0 0 70154 
72558 72626 76567 74283 0 72524 0 0 0 72683 0 76868 0 0 73701 73146 0 72900 0 0 
78991 79912 0 78740 81773 79235 79497 80165 78552 81605 81822 0 79231 81134 81360 0 0 81556 81433 0 
0 87644 87222 0 0 86180 84452 0 85350 86684 84859 84850 87451 86482 83939 86670 0 85134 87480 0 
48567 0 49053 0 47547 47130 51078 48550 0 49980 0 48485 49788 47308 0 48837 51152 0 49172 49291 
0 0 54089 0 0 55776 52668 0 0 0 0 0 0 55167 54610 52897 56080 0 55673 55029 
0 59759 58288 0 0 0 59175 58272 61541 57845 61364 59469 60861 58513 0 59074 0 61530 58366 59643 
0 0 0 66830 63159 0 65553 0 64715 66168 67246 63892 66404 67432 0 0 64188 64870 0 0 
0 68508 0 72486 71540 71737 72379 71515 68511 70179 0 72308 0 72345 68751 0 69482 0 71175 69115 
77688 77504 0 74330 0 0 0 76879 75531 75127 74204 0 75579 74437 77557 0 74681 0 0 75833 
80741 0 80398 0 83527 0 79730 79638 0 80537 79626 80358 79246 83395 0 0 81470 80902 0 81349 
0 84588 87848 88045 0 87015 88804 86096 88124 0 85221 87795 0 86846 0 87750 88844 86546 84864 0 
10763 10945 12085 7895 9929 11762 8447 8024 9004 11681 9280 12010 0 10186 12176 8928 0 0 11846 0 
14493 13400 15201 15208 0 16920 0 13255 16578 0 0 0 14151 14464 13204 0 13630 16739 16513 14574 
18967 20906 19495 20653 19405 0 0 22412 21656 19256 20595 0 21154 20472 0 19237 20741 0 20259 20717 
25992 25337 26710 0 0 25627 0 24060 25141 27834 26866 0 0 26845 25246 0 27487 25352 26580 0 
0 32845 30934 32274 33306 0 0 33652 31060 31643 32329 0 0 29433 29503 33473 0 0 31757 0 
0 35420 35432 0 38754 0 0 35517 35088 36127 36889 0 0 36407 36210 0 37091 0 38294 35520 
43518 43923 41498 42213 0 42848 0 0 43578 40792 44251 42828 0 42907 0 43661 43213 40583 40478 43957 
45748 47475 49294 47151 49586 0 45579 48984 49742 46576 0 45868 0 0 0 48715 48718 48186 49653 47562 
0 0 51871 0 0 0 0 52514 0 0 55397 0 0 0 53091 54578 0 51102 54767 0 
0 57412 0 58306 0 0 56866 60457 57357 59517 56882 0 59286 60659 0 0 0 58236 0 58907 
73571 72877 0 0 0 70736 74262 71435 0 70345 72803 71375 0 73071 0 70330 73930 72896 0 72842 
0 78138 0 78470 0 75785 78173 0 78556 0 76045 0 76190 76757 0 0 0 77246 76450 0 
0 0 82045 0 0 83640 81242 0 0 0 0 0 0 0 83791 0 0 0 0 0 
88677 0 90732 86508 0 89918 87569 89516 87866 86988 0 0 89061 0 0 87740 90004 86889 88332 87266 
0 0 91764 0 91998 95025 0 0 96139 92415 95921 92327 0 91934 95259 0 0 0 95952 0 
97981 97158 0 98327 97503 98994 99075 0 100618 0 99650 98341 98006 0 100084 0 0 0 101091 0 
102990 0 0 0 102713 0 105522 103586 104708 102791 103159 105068 104341 105373 102826 105879 104541 102586 104109 104105 
0 111511 109045 0 111117 0 0 0 110901 110886 0 108529 109479 110856 0 110934 0 0 0 108476 
113648 116441 113901 116277 0 0 115722 115662 0 0 0 116966 116668 117170 117269 115917 115910 115872 116668 0 
14359 16345 0 0 0 14484 0 0 0 13959 15110 0 16224 16795 0 15597 14413 15534 13480 14925 
19518 0 0 18819 0 0 0 20892 20233 0 18315 21748 17897 19144 0 19946 0 21243 19094 0 
0 0 25964 0 0 24695 25766 0 0 26247 24659 25592 0 23645 25091 23703 0 24826 0 24539 
29188 29871 0 29341 30769 0 32895 31419 30080 28675 32477 28799 30598 0 0 0 29093 30799 32165 31066 
35979 34434 0 34246 0 38280 35513 35744 37410 34086 37676 0 0 34009 35661 35148 0 35947 36543 35130 
40232 39975 42075 0 40668 0 0 0 40567 42895 39786 0 0 42179 0 40650 39365 39788 0 39892 
0 47838 48935 0 0 0 45256 44974 46404 47411 47691 47094 47725 0 48284 45572 45400 0 45900 45882 
54162 52664 0 50719 50630 0 0 0 51674 0 50998 0 0 0 54018 54584 52329 0 54182 53900 
59991 0 56792 60037 0 0 55912 0 57848 57247 56181 59396 56347 59969 58165 56962 57601 0 56042 58247 
0 0 63754 62904 65132 0 61084 62449 64690 0 63631 0 62508 0 65426 64851 0 0 0 65381 
12406 0 0 11414 0 14053 0 11826 10972 13643 13499 0 10560 14170 10403 13923 12741 0 0 12239 
19422 17119 0 18628 17264 19393 0 19526 16324 19688 16893 17741 0 17726 0 19868 0 20000 17322 17926 
0 0 21252 22338 0 25591 21814 24757 0 0 23550 22236 21238 22897 21899 0 0 21829 0 23705 
27394 27103 29757 0 29754 29235 29263 0 27638 30128 0 27929 29253 0 27234 30367 29663 0 29136 27163 
0 0 33096 32223 0 0 33688 35405 34325 33427 0 34231 35466 0 33559 32216 32221 32921 32442 35711 
40601 38392 39073 0 0 0 39155 0 41818 0 37684 40675 0 37936 0 0 37668 0 40561 39795 
0 0 46651 46428 43604 44368 46823 43979 45739 46778 45786 43011 43428 45676 46458 45812 47023 47099 44629 46168 
49739 0 0 49121 52050 0 0 48968 0 52209 0 0 51156 0 0 52409 48669 50280 0 48435 
0 0 0 57858 56727 54590 0 0 55033 57471 57086 0 53990 0 57809 55529 54024 0 53948 56423 
19287 20361 18741 19109 0 0 22299 18275 0 0 0 21564 18943 19072 0 18826 0 0 19382 0 
0 27224 0 27510 0 0 25769 0 0 23462 24342 25445 26071 23918 0 27458 0 26910 27399 0 
31652 0 32974 0 0 0 31752 28952 0 0 31646 0 29225 0 30000 32041 0 0 0 0 
37799 0 0 37843 34902 0 35274 0 0 38371 0 36778 34446 0 37166 35743 0 34446 36395 0 
0 0 43647 40994 0 43978 41504 43565 40286 0 0 42664 41594 39520 41853 0 41089 0 0 0 
46415 0 45749 0 47224 45566 0 46306 0 0 0 46036 47539 48905 47940 49209 45915 47098 47389 47175 
50866 50514 0 54217 52512 0 54463 52448 54044 0 54432 0 0 50468 50831 0 54127 51429 0 53126 
0 0 0 59709 59512 58228 59557 58351 59517 0 0 0 0 59935 0 58036 57674 58833 0 56633 
0 0 85821 0 86855 0 0 89274 88501 87271 87100 0 88186 88359 0 85583 87762 89438 0 85453 
92836 0 92265 0 0 0 91330 93891 0 90971 91371 0 0 0 0 0 0 91883 92412 93607 
100505 99723 98955 99442 96512 96796 97815 98890 98605 96674 0 0 99208 0 0 99045 0 100181 99789 0 
103580 103778 101998 102703 103134 0 0 102217 0 101804 0 104576 101666 101715 0 105722 0 103877 0 0 
108242 0 0 108479 0 0 0 107126 108752 109471 107330 0 0 0 109088 0 111331 109130 0 111232 
0 113980 112749 115096 0 0 113365 0 114875 0 113376 112706 0 0 113554 113314 115797 0 113105 116165 
0 0 0 118323 0 0 0 0 0 0 118043 121996 121124 0 122050 0 119687 0 0 119753 
127178 127065 125233 123996 0 125460 124421 124939 124588 125386 0 0 0 125787 124965 0 0 126008 0 0 
130308 0 0 0 129292 130755 131739 132498 132725 128711 130564 129104 0 0 130563 131558 0 0 130015 0 
0 0 0 29623 0 27304 0 27964 27335 30917 28165 31389 0 27845 0 0 27560 27833 0 30736 
36987 36240 0 0 36364 37004 34838 0 36653 35050 36605 0 34770 33838 0 33903 36723 33595 35780 34582 
38808 42038 0 0 42444 0 42263 0 0 38325 41940 38029 41956 42246 41324 41995 41437 41351 40356 39351 
0 0 47656 47779 0 46135 44696 47457 44597 44882 43935 0 0 0 47119 0 0 46793 0 47783 
51048 0 50425 50948 0 51040 0 0 51163 0 51334 0 49922 52974 0 48912 0 49574 51673 0 
56868 55572 56003 56449 0 57152 0 55038 55565 0 54454 54945 56186 0 58601 0 56035 55907 0 0 
61721 62878 0 62811 0 0 60057 62947 63911 63211 63890 63444 0 62951 0 61669 0 63258 0 60471 
66677 68980 67234 66326 68400 0 69154 65663 68848 0 66013 0 65173 65779 67230 0 67088 68154 65082 0 
74300 75343 73406 75735 0 76505 75671 0 75340 76105 0 0 73501 0 77176 74943 0 75574 77625 0 
81568 83125 81067 79830 0 0 0 0 0 80241 0 0 82478 79206 83066 79443 0 82653 80154 0 
87463 84527 86723 88211 0 86532 85287 0 84917 0 0 0 84707 0 0 0 86966 85459 88037 88162 
0 93644 90486 91552 91371 90783 90839 92947 0 93385 0 90771 0 0 0 0 93076 92066 90159 93072 
97163 96119 0 98688 98423 95543 96929 0 98247 0 96462 95027 97418 95856 0 0 98883 99384 99380 98006 
104653 101087 102364 100983 104865 103600 0 101607 104828 101643 101149 0 101236 100802 103551 0 100895 101827 100453 103192 
105903 107933 109105 0 106544 110207 106402 0 0 107840 0 109050 0 0 107191 108198 0 106285 108807 106797 
112740 0 0 0 111189 0 112286 0 113889 0 113818 111792 114147 0 115117 112290 112936 0 114184 111414 
120623 118927 120091 116609 119142 118624 120773 118020 119205 117674 120871 117658 0 120980 0 0 120620 118124 116850 118695 
18880 16142 15147 15371 18372 0 17057 19229 0 0 15094 0 0 0 0 0 0 18647 17141 17508 
21121 0 23298 22044 0 0 22013 23744 24365 21955 0 21833 0 22040 22515 0 21234 22665 0 0 
26324 29375 0 30109 0 0 29727 29641 0 0 26077 0 30012 0 0 30039 29743 30111 27388 27754 
33109 33673 32293 0 33366 33986 33466 0 34525 34736 0 33546 31604 33827 34217 34409 32784 34266 35278 32685 
0 0 38936 0 37953 39792 36843 37158 39198 36636 37025 0 37096 0 0 39012 40756 36607 0 39362 
43284 43444 44097 0 0 0 42210 0 45181 43766 44455 45145 45383 43971 45122 0 46155 0 41904 44600 
0 49760 51186 51554 48294 49807 49659 0 47618 0 0 47754 47846 50505 0 51613 0 0 0 0 
55617 0 56779 0 0 0 0 0 56869 55586 53401 55788 56676 56165 54606 53338 0 56533 0 0 
0 23194 23498 23941 0 0 26215 0 0 26507 24594 24974 0 24356 26290 23882 25579 0 26520 0 
31124 31737 0 29715 0 0 28975 0 31088 0 0 28383 0 29299 0 32506 0 30901 29569 29486 
33858 37872 0 0 34817 34858 0 0 35558 0 0 36191 0 0 35255 34865 0 37688 36621 0 
39525 42637 41264 0 0 0 39707 0 41003 0 41652 0 39768 0 0 39421 40936 0 40472 39517 
0 0 0 45898 0 45656 48836 48421 47780 0 48531 47353 0 48211 45102 48553 46122 0 0 44618 
50632 50736 50385 0 52166 0 0 51346 50195 0 0 0 0 54396 0 50638 0 0 0 0 
55797 55383 56913 0 59060 0 0 55477 57976 58882 59864 0 56609 0 59813 56890 56025 57682 59637 57710 
64451 0 65217 0 63195 0 60805 63043 61364 0 63403 62940 60846 61005 0 60967 0 63442 0 0 
68638 69295 0 67143 0 0 68333 69027 69962 66520 66715 69444 69880 66433 67235 69259 67079 68869 68257 67097 
0 72219 0 0 73015 73317 73855 0 73834 0 73478 73289 75034 71711 71965 0 74199 74449 0 74671 
20809 0 20897 21002 17522 0 17438 18628 17893 20462 0 17014 0 17955 0 20456 0 20449 17457 0 
0 26645 24599 23082 22597 22599 24153 0 26823 0 0 0 0 0 23152 0 0 26207 0 0 
0 28029 0 28367 0 0 30585 32080 27818 30501 29915 0 28760 0 30995 0 28675 0 32030 30280 
34053 36045 35384 33339 37464 34502 0 36310 33612 37202 34014 0 37236 35212 36028 34874 35456 36905 37310 36035 
0 0 42847 39825 0 40864 41547 41187 0 0 0 39343 42992 39823 40663 41913 39825 42732 38763 42060 
47418 0 0 44985 44957 0 45788 47379 45327 45821 46630 47023 0 45409 0 45886 0 0 47471 45097 
52744 0 52938 50200 52224 50832 50198 51184 0 50051 0 0 53709 49819 50451 0 53021 50599 51255 53887 
0 56077 0 0 0 59286 0 57006 58734 0 0 0 56027 57727 0 0 0 55094 0 56130 
0 61438 0 0 0 61077 60427 60921 61728 63665 64027 63525 0 61417 0 0 62478 62499 64008 0 
57178 57992 0 57234 0 57767 0 0 0 0 58450 59517 59853 57807 0 0 59471 58385 0 57996 
0 64073 63455 0 0 0 64683 0 62543 0 0 0 0 65651 64621 0 0 0 65271 63883 
67503 0 0 0 0 0 67089 0 0 68042 69355 70779 67470 0 0 67660 0 69894 68289 0 
0 75818 73180 0 74214 72935 74346 72411 76039 0 75804 72540 0 73862 75613 0 72766 75826 0 75159 
0 77618 0 0 0 78418 78850 79156 0 81077 77547 81432 77576 79370 79131 81538 80303 0 0 80619 
84420 84861 0 85498 85873 0 85068 85649 85209 0 0 85609 0 82810 0 83013 0 84100 0 0 
91112 92675 91744 89239 89299 0 0 91330 91217 88542 0 0 88631 90012 0 0 88500 0 89049 91622 
97404 98071 0 0 95705 93673 0 0 0 96321 94934 97117 97684 94871 96823 97326 0 94700 0 94281 
0 52267 0 51728 48856 52834 50875 51514 52492 50907 0 0 0 0 52068 0 49494 50229 51847 0 
58555 55134 56156 54296 56785 55620 0 55139 54515 0 57493 0 57876 0 0 0 0 56594 56087 0 
0 0 63705 0 0 0 60252 0 62019 60371 60493 62003 61055 60255 61696 0 60135 0 60754 0 
66507 67365 67773 65623 66557 0 66846 0 66105 0 67050 0 66766 67217 67304 0 67212 0 0 0 
72337 73626 0 0 74092 73590 71539 70986 0 0 0 73867 72199 70448 70680 0 71913 0 0 0 
0 79665 79592 79902 78821 0 0 0 77816 80019 0 0 0 77160 0 76996 76608 0 0 78966 
84877 85034 0 0 0 0 81813 85384 0 85585 81651 0 84578 0 84702 0 82877 84719 0 85323 
0 88775 88102 0 0 0 88458 90102 90572 0 87274 87092 0 90291 0 87585 91021 0 88103 86899 
26714 0 0 0 0 28125 29043 0 27568 0 27374 0 0 29979 0 27273 29511 26573 0 28240 
32710 36298 34538 0 35945 35436 0 0 32252 35662 33540 0 33874 32536 35573 0 0 33956 35800 0 
0 41663 0 0 38334 0 0 37741 39658 0 38261 0 0 0 39610 40417 38117 41151 0 38853 
43344 44844 43804 43196 43537 45424 45199 44426 45111 0 0 0 0 0 0 44557 46151 0 0 44244 
0 52098 48936 0 0 48555 52356 48847 0 0 48099 49270 51365 48371 0 50871 0 48496 50381 0 
0 0 0 0 53936 0 56409 54507 55570 54194 54157 54160 0 0 56930 0 0 54371 53526 0 
0 59279 59191 0 60324 60545 0 0 58934 0 0 0 59356 0 59050 59522 61907 0 0 61450 
68169 0 64689 68693 0 68596 68665 65057 65507 0 64883 0 0 0 0 0 68320 0 64293 66125 
0 0 4670 5510 6186 3993 4575 7741 4686 0 0 0 0 0 4359 6004 3897 4005 7333 0 
11212 12201 0 0 9107 8857 12036 0 0 0 0 0 0 0 0 10892 12799 0 0 9814 
0 16758 0 16541 0 0 15879 0 17822 18533 17615 16289 0 17339 16938 0 0 14593 0 14959 
24149 0 0 0 0 0 21596 21491 22972 22022 0 21578 0 0 23024 0 20777 21258 23188 21958 
26978 0 0 29147 0 28957 28113 25930 27526 28556 28857 27298 25636 26843 0 25199 27370 29511 27303 28156 
31682 0 34010 30654 31361 34347 34316 34212 0 0 33624 30540 0 0 31150 30621 34294 34825 0 32456 
0 0 40209 0 0 39751 0 39859 38056 0 37112 0 0 0 0 39025 39550 0 0 37415 
41858 43513 0 42346 45522 44273 43789 0 42451 41678 42394 0 43440 43145 42981 44676 43013 41756 41527 43048 
0 46736 0 47672 0 0 48249 46958 0 0 0 47619 0 50470 50297 49279 47810 47182 46948 48580 
48700 50608 0 0 47867 0 50850 49432 0 48471 0 51051 49376 47953 49801 0 49049 0 49527 48083 
52848 53511 55678 55736 55714 0 0 55381 0 55738 54387 54190 55728 0 53912 0 53300 0 53621 0 
0 0 61294 0 58178 58581 0 0 58410 0 62108 61562 0 58503 60575 0 60059 58706 58383 58470 
66240 63853 0 66370 67240 64076 0 66220 64965 0 67601 0 0 65996 0 66938 66853 0 67885 64014 
72849 0 0 69009 70713 0 71026 0 73071 0 0 72739 70289 0 72426 69750 0 0 72535 71812 
76987 76192 0 0 76696 76555 0 78261 0 0 77100 0 75737 75633 0 77535 78299 0 76645 0 
0 0 0 81116 81113 83595 82139 83111 83928 82168 82555 0 80066 0 83122 0 0 82214 0 0 
88295 88926 88415 88660 86870 0 86014 87673 0 0 0 87276 86081 0 0 0 0 0 0 86214 
0 93737 94272 94709 0 91352 93019 91375 0 0 0 0 94162 0 93658 0 93618 93310 0 94656 
99150 98014 96840 98884 0 99482 0 97768 97242 0 0 97959 0 0 97752 99209 98763 96372 95947 99568 
0 0 25035 26330 27041 0 0 25048 0 23568 25694 26587 23879 25006 23526 0 27023 23557 24556 23348 
32590 0 0 29757 29572 0 0 32598 0 0 29842 30019 0 32726 31869 0 0 0 31876 0 
0 0 37128 35655 36376 34092 34825 38251 37589 37851 38376 0 38430 34363 0 36724 0 0 0 37878 
39884 0 39994 0 41309 0 41411 0 0 0 0 43309 40537 41103 41882 40914 43191 41117 0 0 
0 47826 47909 44776 0 45438 49078 45201 0 0 47437 45126 0 45498 48848 45955 46345 0 0 0 
53599 50803 0 0 51068 50983 52775 51770 52408 52109 51375 53538 54189 0 52811 0 0 0 51187 0 
55848 59960 55648 0 0 59485 55741 58882 57122 58595 0 56204 56884 56075 56728 58173 0 59392 0 56725 
65255 0 62114 0 64037 0 62958 61716 0 62441 62423 0 0 65217 64957 65396 0 0 0 63316 
26974 0 26058 0 0 0 0 25779 28427 0 26198 26665 28532 25713 26918 26563 25568 29080 0 0 
33951 34198 31311 0 34755 0 30925 34649 0 30818 31001 30968 0 30719 0 35153 31565 33984 30900 31383 
0 0 39935 0 0 40290 0 0 37250 36781 38574 0 0 39154 40161 39011 0 38237 0 0 
45391 0 42819 45718 0 0 42630 44389 43833 45341 43125 0 0 45774 42189 44933 0 41601 0 0 
48977 51266 47592 0 49422 0 0 50969 0 47719 50245 0 47370 51325 50588 0 0 0 0 48902 
0 53977 0 0 52798 0 55298 0 55025 0 0 54293 0 0 54126 52404 54484 55997 54793 54373 
59814 0 58434 61090 61491 61323 58410 0 62138 60471 0 57887 58024 61238 0 59254 61740 58491 60324 58306 
64759 0 64258 0 0 0 0 0 0 0 67198 63703 63688 0 64361 65547 63266 67171 65758 64200 
0 70466 0 72143 71550 69204 72946 0 69118 69402 0 0 71440 69160 72707 0 0 68522 72956 72544 
0 0 76723 0 77581 76308 73954 0 77633 74974 74988 0 75256 0 76187 0 0 0 76305 76485 
0 59239 0 59532 60078 60251 0 59651 57167 59969 56481 0 59885 58093 60163 57683 0 56684 57198 58342 
62489 0 62593 0 63010 0 63607 0 0 62365 0 0 0 62599 65151 0 61960 65350 0 62426 
67033 70799 68612 0 0 67076 0 0 70149 0 0 0 69074 68659 70841 69380 70801 0 69575 70706 
74315 76470 75121 0 72985 0 74226 0 0 73054 72473 72651 73829 0 0 73581 76738 73729 72468 73797 
77889 78211 0 79557 79595 82139 81956 0 78057 80174 0 0 77698 81285 0 79415 0 77683 78376 0 
0 0 0 0 0 86069 83325 0 0 0 0 84251 0 86196 87196 0 0 0 83132 0 
0 92153 0 92623 91341 0 0 88612 0 89992 0 92532 92125 0 89242 89090 89700 0 0 0 
0 0 0 0 0 96683 94500 0 94639 0 94831 95307 93921 95979 95505 94042 96702 98259 95330 0 
0 103489 102042 0 103364 0 0 101778 0 0 0 99857 0 0 0 101367 0 99325 99770 103329 
68619 67905 68710 68612 0 68980 0 0 69298 70173 0 70008 0 68252 71467 69144 0 0 0 70498 
0 0 76078 76501 0 73751 0 74498 74271 73846 0 0 76597 77267 0 0 77453 77169 0 73380 
82545 82035 80937 81527 0 79770 78835 0 0 0 82478 82978 82142 81923 0 81279 81046 80898 81729 82034 
84851 85805 0 86783 0 0 0 0 85611 88380 87618 88248 88057 84147 0 85336 86573 0 84748 0 
0 0 92902 91091 0 91300 0 0 0 91289 91190 0 0 0 92652 91277 90529 92088 91344 0 
94968 0 95114 0 0 0 0 97679 0 0 99045 99044 0 95656 98888 95196 95119 97322 95710 98017 
0 0 103883 102618 102578 0 100751 102447 0 0 0 104141 100612 101769 0 0 103156 0 100256 102436 
0 0 0 0 106366 108397 108400 107302 0 107702 106539 0 106192 0 108890 107178 0 0 0 0 
0 51503 50794 53962 0 51949 0 0 0 0 0 52863 53430 53199 0 51869 0 51351 0 51758 
59439 0 0 57618 57778 59958 59582 0 0 0 57443 0 56893 0 0 56097 0 56911 57614 59326 
0 64822 0 64688 62853 62036 0 0 65192 62092 65260 65608 64955 62035 62844 61390 63205 64701 65315 61722 
68585 0 68343 0 0 0 68521 68024 67604 69424 0 69580 69288 69963 0 0 0 69298 68574 68226 
0 72595 0 76279 74194 73516 75421 72612 72642 0 72607 0 0 0 73914 74606 72192 0 0 73730 
0 0 0 77976 78823 80848 81122 81394 77437 77736 81167 77748 77820 79052 80873 81457 78919 0 80746 0 
82940 0 85404 83907 0 86724 85097 86248 83480 0 83361 84263 85340 0 82834 0 84127 84571 0 0 
89091 0 0 88289 91264 0 92620 90016 89357 0 88460 89264 0 0 0 0 88591 0 90623 88288 
0 96053 95987 94270 0 0 93843 97044 0 94858 96055 97336 0 96133 0 94496 95662 94153 0 0 
0 102198 99808 99026 99911 99547 102169 0 103053 102747 102097 0 0 0 102087 100033 0 102686 0 0 
12743 16555 13723 15737 12638 12478 13701 0 0 0 12931 15359 12623 16125 15527 12704 0 0 0 0 
0 21769 21055 21587 0 21759 0 0 20338 0 0 18072 0 19540 21038 21783 17685 0 17967 0 
0 23040 0 0 23058 0 26024 0 24193 25247 25525 24882 24092 27300 27334 0 26272 0 0 0 
0 0 0 0 28635 28730 0 31974 30545 0 30394 0 0 31127 31748 0 29581 0 0 28740 
0 36453 37452 37370 34343 36174 0 0 37837 37118 33800 33801 34250 37453 0 0 0 36848 0 35543 
40486 0 39837 0 40760 0 40543 39424 0 0 39381 39113 41686 42332 0 41322 42977 40431 41828 40862 
0 0 0 0 0 47104 44604 0 48084 48739 0 0 0 44748 44660 0 46870 46489 44878 48303 
50291 52972 52847 50997 0 54348 50767 0 50307 0 49891 54138 0 52016 0 53905 0 50012 53706 50678 
0 32073 31805 34160 0 32859 32616 33129 35325 34464 33492 33602 35454 32762 0 35222 35459 0 32655 34733 
0 38499 41136 41039 38814 0 41260 37077 0 0 0 39657 40126 0 0 37665 40224 0 0 37559 
42883 0 43657 43250 45327 0 43218 0 0 45832 42701 0 0 45145 0 46552 43292 0 46093 46130 
50872 47869 0 0 0 0 48346 51633 51762 48177 48800 50384 51671 0 49897 49012 50863 50303 0 47937 
57300 0 54329 0 53978 53192 55958 54550 53108 57425 0 54161 57355 54761 57180 0 0 0 0 57275 
59597 62317 0 0 62359 0 0 0 0 59514 59794 62429 0 0 60461 61248 59274 0 0 0 
67440 64283 64082 0 66120 0 66359 64377 66456 0 64903 65649 0 0 66258 64948 64045 64924 67573 67430 
0 72355 0 71318 0 72701 0 69807 71247 0 0 71021 0 72222 70319 71388 69636 0 0 0 
0 0 76669 0 78240 0 75562 0 77303 75560 78782 75063 79119 76800 78938 0 77088 77743 74845 0 
the finish time each lap of each rquirement(task) perfomed by each equipment: 
11851 0 12409 0 0 13489 9359 0 0 0 0 10552 0 12838 12816 11845 11068 0 0 10929 
0 18637 16281 0 0 16403 0 17843 0 18290 16342 0 0 17646 0 17461 15056 0 16103 0 
20389 23338 23994 0 20756 20684 20743 22840 0 20962 22963 20238 24092 20332 22508 22405 23370 0 19748 0 
0 0 0 0 0 25334 25230 0 0 29005 0 27268 25203 0 28352 25988 25140 0 27115 26173 
32049 0 33631 0 30253 0 0 34807 0 31878 34483 30750 0 30820 31155 0 0 31018 0 0 
39819 40217 37364 38536 38836 38543 39833 36379 0 37148 0 35721 40192 36771 0 38119 0 0 39825 37048 
0 0 0 0 41945 41815 45009 44442 42456 45656 41856 44871 44888 43629 0 0 44240 0 43453 0 
47824 47327 0 0 0 49378 0 49211 49706 46740 0 50308 0 51254 50783 49605 48897 48190 49651 0 
56154 0 0 54233 0 55388 52727 53846 54150 56032 0 53427 0 54065 0 56175 0 52832 53006 55671 
61125 59713 0 57871 61343 61013 59794 0 0 59807 61910 0 58259 60560 57686 0 0 61026 57945 58665 
0 23485 22895 0 20507 21704 0 21419 20734 0 20063 20444 0 0 0 21799 0 23176 0 0 
0 27487 27096 28225 26838 25088 28489 0 0 0 26683 25237 0 0 27405 26624 0 28566 0 28020 
31134 33838 33538 33648 30126 33660 31486 33076 30913 0 32339 0 31015 32556 0 34140 0 0 32461 0 
37239 36627 39333 38239 39675 38333 38344 0 0 36375 0 39270 36746 37677 38939 39611 37583 39445 39212 0 
41416 43881 42946 0 0 45114 43180 43211 0 0 0 0 0 0 0 41669 44196 0 0 41590 
47089 50293 0 47185 0 50350 46442 50002 0 0 0 47463 47784 49908 49040 0 49759 49271 50784 0 
0 56201 54243 53808 0 52440 53880 54570 51486 0 55182 54934 52096 54672 52488 52657 54127 0 53572 51750 
0 59321 0 57394 0 61223 0 61264 58003 60481 0 0 0 57982 0 0 60451 0 60309 58319 
0 0 19308 19249 17102 0 16520 18671 19719 0 0 17603 17236 18106 17034 0 16622 0 0 0 
0 26045 22999 0 21901 24791 22919 24244 25225 22569 23708 23147 22105 25742 22135 0 24140 25130 24655 24764 
0 27351 28966 0 28465 30387 0 27525 30998 0 28520 0 30915 27571 0 27940 30936 0 30267 28347 
0 35015 34416 0 34526 34752 32519 34879 35301 0 35423 33927 34406 0 36400 35113 36364 33070 32187 36104 
40728 41111 38987 38775 0 39317 41212 0 38209 0 41590 41261 0 37820 0 41656 0 40549 0 41908 
0 45042 44573 0 0 0 47734 0 45665 46723 43906 45204 0 43135 0 0 46781 45320 43887 46746 
52233 0 0 50234 51669 49100 48862 0 51733 51502 0 0 51819 51981 0 48323 48660 52218 52216 0 
0 56241 57949 0 0 56788 56065 56743 0 55971 0 0 0 0 54493 0 54514 55335 0 0 
34685 0 34212 34789 33553 37289 34230 36030 0 34204 36027 35084 0 34307 36756 0 36432 35236 33427 0 
0 41274 41535 0 0 39519 0 0 0 0 41163 42526 0 0 39965 0 42101 0 40033 40762 
0 0 46212 0 47899 0 0 44930 44768 44201 0 0 44537 46542 47638 0 48082 0 43813 45691 
51107 0 0 50015 49853 52923 0 50138 0 0 49770 0 51446 0 51080 52076 0 52711 53563 50139 
0 0 56475 0 54636 54997 58616 57518 0 0 55873 58165 0 55373 58945 58986 0 56509 58250 56930 
0 62935 61377 61380 62531 0 0 0 60146 0 62696 0 0 63743 60639 0 0 64654 64049 60830 
69154 0 66011 67098 68271 69842 0 0 0 0 0 0 0 65856 0 0 68736 69205 0 0 
0 0 73206 71973 0 71269 0 73634 0 74650 0 0 73412 0 71774 75386 74666 0 72181 0 
0 0 35598 37580 0 38809 38659 38943 0 39644 38686 0 38815 39013 35776 0 36941 0 35867 0 
41391 0 0 0 0 43633 42728 44061 0 43531 0 0 42723 0 42622 44902 0 40965 43952 0 
0 0 49218 0 0 0 47506 50429 49802 47233 49387 0 47180 47376 0 49920 50763 46571 49619 0 
0 52829 54859 52565 54515 0 0 0 52943 52429 52611 0 0 54690 55940 51781 52182 0 0 55358 
0 0 0 0 59143 0 0 59505 0 0 58005 0 57278 58620 0 57186 59501 0 58080 0 
63772 0 62055 64384 63170 62612 66712 0 62441 63215 63740 65629 64170 0 0 0 0 64255 0 64808 
0 0 0 0 71853 71070 0 0 0 69238 0 68842 68330 70175 0 71422 0 0 0 70528 
73057 73459 77393 75179 0 72922 0 0 0 73241 0 77613 0 0 74534 73843 0 73686 0 0 
79318 80387 0 79245 82197 80094 79961 80966 79406 82277 82457 0 80013 81948 81726 0 0 82403 82241 0 
0 88132 87735 0 0 86665 85267 0 85996 87548 85245 85302 88305 87369 84594 87009 0 85578 88046 0 
49326 0 49533 0 48025 47490 51547 48925 0 50426 0 48810 50320 47686 0 49425 52024 0 49560 50106 
0 0 54538 0 0 56449 53264 0 0 0 0 0 0 55567 55238 53381 56546 0 56042 55654 
0 60231 58709 0 0 0 60068 58781 61967 58697 61837 59833 61180 59181 0 59578 0 61846 58835 60352 
0 0 0 67499 63718 0 66052 0 65176 66660 68098 64240 66928 67954 0 0 65026 65566 0 0 
0 69387 0 72829 72031 72636 72801 72374 68974 71048 0 72962 0 73096 69638 0 70122 0 71982 69603 
78278 78037 0 74688 0 0 0 77766 75846 75446 74752 0 76319 74998 77930 0 75366 0 0 76527 
81235 0 80859 0 84418 0 80078 80483 0 80925 80451 80909 79634 83738 0 0 81798 81596 0 82068 
0 85193 88421 88942 0 87641 89414 86720 88514 0 85928 88649 0 87165 0 88485 89426 87230 85217 0 
11117 11615 12641 8747 10513 12573 8896 8671 9795 12496 10036 12818 0 10705 12720 9783 0 0 12422 0 
15261 14065 15883 16026 0 17411 0 14071 16915 0 0 0 14975 14933 13821 0 14378 17089 17281 15336 
19829 21678 20160 21338 20044 0 0 22836 22066 19674 21397 0 21996 21337 0 19543 21061 0 20817 21109 
26293 25988 27484 0 0 26318 0 24553 25624 28248 27408 0 0 27541 25714 0 27933 25716 26990 0 
0 33403 31273 32962 33667 0 0 34080 31434 32251 32784 0 0 30199 30122 33846 0 0 32232 0 
0 35948 35835 0 39223 0 0 35917 35640 36946 37754 0 0 37260 36645 0 37574 0 38685 36332 
43926 44754 42170 42600 0 43484 0 0 44420 41155 45072 43545 0 43593 0 44278 43575 41294 41251 44324 
46127 48237 49826 48007 50153 0 46428 49362 50158 47001 0 46208 0 0 0 49064 49135 48529 50381 48303 
0 0 52681 0 0 0 0 53358 0 0 56207 0 0 0 53819 54901 0 51429 55422 0 
0 57864 0 58781 0 0 57237 60960 57669 60143 57479 0 59875 61198 0 0 0 58547 0 59212 
74340 73424 0 0 0 71227 74683 72210 0 70873 73174 71866 0 73860 0 71192 74509 73459 0 73506 
0 78649 0 79012 0 76616 79061 0 79066 0 76499 0 76596 77516 0 0 0 77875 77068 0 
0 0 82439 0 0 84086 81826 0 0 0 0 0 0 0 84258 0 0 0 0 0 
89431 0 91620 87195 0 90309 88202 89897 88226 87850 0 0 89746 0 0 88533 90703 87536 88860 87588 
0 0 92513 0 92658 95883 0 0 96536 93245 96451 92924 0 92328 95894 0 0 0 96826 0 
98444 97785 0 98739 98305 99606 99868 0 101040 0 100463 98775 98862 0 100470 0 0 0 101834 0 
103369 0 0 0 103519 0 106110 104188 105331 103670 103948 105879 105220 105880 103348 106637 105160 103217 104536 104439 
0 112259 109605 0 111890 0 0 0 111507 111273 0 109157 110032 111339 0 111630 0 0 0 108885 
114010 117024 114521 117128 0 0 116373 116381 0 0 0 117742 117470 117632 117595 116432 116231 116382 117476 0 
14999 17082 0 0 0 14994 0 0 0 14743 15732 0 16772 17370 0 16495 14923 16073 14031 15815 
20366 0 0 19259 0 0 0 21584 20596 0 19146 22584 18286 19457 0 20626 0 22062 19976 0 
0 0 26284 0 0 25534 26145 0 0 26709 25029 26418 0 24541 25447 24139 0 25350 0 25086 
29908 30705 0 29968 31391 0 33496 32234 30570 29405 33083 29685 31134 0 0 0 29758 31549 33033 31385 
36687 35240 0 35105 0 39047 36399 36639 37874 34454 38140 0 0 34430 36507 35783 0 36638 36952 35507 
40922 40600 42723 0 41120 0 0 0 41378 43299 40132 0 0 42975 0 41163 40250 40351 0 40294 
0 48328 49317 0 0 0 46086 45643 46854 48147 48456 47451 48204 0 48683 46398 45953 0 46544 46579 
54748 53555 0 51125 51144 0 0 0 52470 0 51892 0 0 0 54804 54995 52999 0 54517 54232 
60453 0 57360 60670 0 0 56497 0 58284 57574 57044 59995 56907 60589 58587 57354 57986 0 56477 58975 
0 0 64092 63355 65624 0 61759 62850 65128 0 64052 0 63027 0 66214 65241 0 0 0 66146 
13042 0 0 12018 0 14879 0 12709 11734 13979 13984 0 11069 14840 11167 14259 13462 0 0 13115 
20123 17996 0 19452 17632 20224 0 20259 17090 20531 17668 18361 0 18450 0 20328 0 20553 17986 18236 
0 0 22016 22646 0 26349 22259 25222 0 0 24174 22576 21931 23526 22346 0 0 22269 0 24033 
27862 27560 30508 0 30108 29900 29581 0 28005 30659 0 28490 29726 0 28112 31231 30485 0 29647 27596 
0 0 33602 33053 0 0 34124 36003 34874 33869 0 34813 36140 0 34074 32815 32628 33764 33240 36023 
41440 39007 39906 0 0 0 39757 0 42275 0 38151 41187 0 38343 0 0 38157 0 41206 40607 
0 0 47158 47128 43935 45080 47425 44323 46309 47352 46506 43739 44180 46463 47177 46318 47737 47602 45194 46600 
50546 0 0 49495 52926 0 0 49778 0 52587 0 0 51773 0 0 53177 49303 50996 0 49072 
0 0 0 58182 57598 55333 0 0 55420 57869 57441 0 54483 0 58656 56199 54452 0 54603 57032 
19833 20992 19092 19964 0 0 22712 19003 0 0 0 22330 19800 19652 0 19454 0 0 19700 0 
0 27571 0 27942 0 0 26168 0 0 24312 24829 26252 26653 24566 0 27810 0 27736 27965 0 
32130 0 33534 0 0 0 32088 29771 0 0 32152 0 30012 0 30730 32404 0 0 0 0 
38336 0 0 38589 35715 0 35634 0 0 38740 0 37179 35001 0 37911 36182 0 34951 36933 0 
0 0 44152 41476 0 44841 42380 44132 40851 0 0 43267 42007 40196 42286 0 41987 0 0 0 
47119 0 46181 0 47769 46354 0 46685 0 0 0 46602 48207 49239 48242 49876 46490 47899 47893 47490 
51498 50972 0 54779 53348 0 54819 53176 54469 0 55257 0 0 51022 51512 0 54447 52085 0 54003 
0 0 0 60514 59908 58832 60211 58912 60116 0 0 0 0 60475 0 58932 58112 59599 0 57012 
0 0 86447 0 87430 0 0 90165 89075 87984 87875 0 88773 88935 0 86034 88434 89838 0 86086 
93425 0 93086 0 0 0 91698 94758 0 91777 91684 0 0 0 0 0 0 92408 92840 94297 
101159 100406 99330 99954 96863 97298 98594 99317 99139 97259 0 0 100106 0 0 99490 0 100660 100372 0 
104183 104257 102848 103117 103846 0 0 103068 0 102681 0 105263 102083 102046 0 106218 0 104461 0 0 
109033 0 0 108838 0 0 0 107678 109458 110361 108084 0 0 0 109445 0 111750 109910 0 111821 
0 114703 113338 115851 0 0 114120 0 115455 0 113820 113213 0 0 114021 114079 116313 0 113459 116583 
0 0 0 118983 0 0 0 0 0 0 118765 122334 121530 0 122635 0 120341 0 0 120635 
127798 127683 125600 124474 0 125911 125130 125762 125190 125961 0 0 0 126093 125328 0 0 126867 0 0 
130763 0 0 0 130042 131471 132561 133177 133222 129343 130875 129630 0 0 131195 132136 0 0 130594 0 
0 0 0 30048 0 27829 0 28825 27653 31795 28527 32074 0 28355 0 0 28074 28363 0 31271 
37441 37044 0 0 36740 37424 35179 0 37189 35759 37327 0 35206 34163 0 34325 37414 34182 36259 34970 
39228 42435 0 0 43177 0 43066 0 0 38796 42587 38705 42263 43079 41961 42702 42127 41964 40857 40172 
0 0 48520 48162 0 46600 45186 47890 44927 45348 44444 0 0 0 47878 0 0 47388 0 48503 
51783 0 51038 51823 0 51579 0 0 51918 0 51875 0 50754 53507 0 49465 0 50185 51990 0 
57209 56040 56795 57039 0 57877 0 55857 55997 0 55275 55342 56549 0 58965 0 56763 56482 0 0 
62284 63719 0 63507 0 0 60378 63594 64573 63998 64224 64146 0 63529 0 62376 0 64006 0 60827 
67273 69521 68041 67022 69178 0 69805 66492 69423 0 66560 0 65807 66211 67622 0 67892 68695 65882 0 
74714 76069 74270 76125 0 77066 76077 0 75754 76835 0 0 73818 0 77757 75571 0 76292 78018 0 
81926 83536 81571 80543 0 0 0 0 0 80579 0 0 83280 79962 83462 79946 0 83182 80850 0 
88358 84883 87506 88737 0 87213 85726 0 85674 0 0 0 85360 0 0 0 87363 86058 88678 88738 
0 94351 91280 92380 91809 91422 91560 93408 0 94249 0 91531 0 0 0 0 93851 92598 90637 93514 
97769 97006 0 99387 98787 96049 97417 0 99123 0 97233 95710 97990 96709 0 0 99281 99799 100082 98794 
105173 101797 103054 101627 105402 104181 0 102210 105231 102160 102024 0 101914 101583 104418 0 101430 102383 101148 103799 
106623 108785 109645 0 107441 110562 106816 0 0 108395 0 109382 0 0 107840 108751 0 107132 109142 107363 
113267 0 0 0 112075 0 113093 0 114661 0 114542 112546 114655 0 115442 112772 113739 0 114887 112298 
121046 119451 120926 117206 119803 119113 121198 118572 119542 118505 121544 118197 0 121825 0 0 121152 118844 117335 119190 
19371 16875 15687 15899 19181 0 17788 19676 0 0 15635 0 0 0 0 0 0 19434 18031 18280 
21450 0 24096 22378 0 0 22688 24201 25066 22417 0 22699 0 22878 23369 0 21961 23056 0 0 
26923 30020 0 30467 0 0 30584 30110 0 0 26805 0 30877 0 0 30646 30092 30760 27875 28521 
33966 34512 32608 0 34015 34809 34136 0 35098 35185 0 34066 32398 34356 34906 34932 33320 34969 35642 33581 
0 0 39461 0 38682 40364 37384 37691 39629 37465 37813 0 37837 0 0 39722 41308 37090 0 40067 
43721 44341 44612 0 0 0 42818 0 45548 44439 45088 45892 46044 44671 45810 0 46708 0 42329 45084 
0 50173 51824 52173 48859 50265 50018 0 48513 0 0 48537 48201 51136 0 52434 0 0 0 0 
56008 0 57135 0 0 0 0 0 57226 56338 53767 56637 57000 56941 54999 54055 0 57391 0 0 
0 23738 24329 24593 0 0 26561 0 0 27147 25480 25350 0 24742 27062 24384 26418 0 27349 0 
31823 32597 0 30247 0 0 29401 0 31530 0 0 29048 0 30045 0 32933 0 31243 30297 30298 
34370 38437 0 0 35468 35474 0 0 36015 0 0 36637 0 0 35726 35560 0 38079 37306 0 
40081 43315 41812 0 0 0 40259 0 41553 0 42532 0 40517 0 0 39897 41470 0 40866 40268 
0 0 0 46274 0 46209 49346 49173 48580 0 48899 47690 0 48869 45826 49128 46830 0 0 45006 
51279 51495 51088 0 52566 0 0 52187 51022 0 0 0 0 54861 0 50956 0 0 0 0 
56379 56005 57706 0 59739 0 0 56193 58596 59427 60619 0 57497 0 60137 57511 56621 58147 60106 58142 
65123 0 66037 0 63793 0 61605 63486 61778 0 63823 63289 61401 61579 0 61655 0 64320 0 0 
69144 69831 0 67789 0 0 68697 69898 70269 66983 67607 69929 70684 67305 67668 69654 67623 69366 68737 67467 
0 72890 0 0 73430 73976 74666 0 74565 0 74288 73912 75552 72252 72861 0 75021 74877 0 75511 
21665 0 21254 21440 18078 0 18261 19498 18656 20946 0 17405 0 18547 0 20950 0 21122 17892 0 
0 27103 25044 23647 23257 22915 24516 0 27431 0 0 0 0 0 23863 0 0 26837 0 0 
0 28900 0 29086 0 0 31094 32494 28190 30884 30372 0 29391 0 31474 0 29466 0 32692 30892 
34465 36489 36158 33724 37920 34856 0 36842 34367 37786 34471 0 37655 35791 36461 35560 36061 37424 38028 36345 
0 0 43180 40394 0 41742 42425 41768 0 0 0 40037 43731 40197 41000 42641 40413 43286 39653 42552 
48246 0 0 45608 45289 0 46281 47979 45635 46189 47493 47708 0 45791 0 46536 0 0 48316 45497 
53571 0 53246 51035 52748 51696 50536 51837 0 50818 0 0 54135 50583 51089 0 53530 51224 51678 54472 
0 56705 0 0 0 59959 0 57346 59602 0 0 0 56361 58135 0 0 0 55670 0 56922 
0 61897 0 0 0 61495 61189 61268 62268 64249 64835 64275 0 61890 0 0 62834 62893 64599 0 
57701 58726 0 57863 0 58639 0 0 0 0 59013 60080 60366 58573 0 0 60352 59218 0 58880 
0 64396 64301 0 0 0 65359 0 62940 0 0 0 0 66008 65152 0 0 0 66091 64621 
68203 0 0 0 0 0 67632 0 0 68751 70181 71266 68147 0 0 67977 0 70745 68961 0 
0 76414 73941 0 75052 73299 74751 73284 76637 0 76104 72876 0 74229 76146 0 73485 76338 0 76035 
0 78256 0 0 0 79263 79228 79664 0 81537 78440 82098 78245 79836 79779 82024 80722 0 0 81076 
85136 85238 0 86185 86198 0 85542 86042 86020 0 0 86441 0 83355 0 83790 0 84580 0 0 
91997 93539 92320 89679 89809 0 0 91881 91721 89362 0 0 89318 90851 0 0 89076 0 89713 91967 
98034 98378 0 0 96219 94465 0 0 0 96974 95501 97891 98481 95384 97222 97675 0 95089 0 94950 
0 52908 0 52385 49440 53479 51507 52389 53239 51344 0 0 0 0 52590 0 50323 51011 52583 0 
58998 55678 56475 54770 57458 56340 0 55560 55050 0 57996 0 58607 0 0 0 0 57359 56536 0 
0 0 64587 0 0 0 60666 0 62467 61113 61116 62778 61410 60638 62330 0 60906 0 61241 0 
66966 68173 68295 66078 67367 0 67741 0 66440 0 67854 0 67264 68049 67881 0 67512 0 0 0 
72710 73982 0 0 74896 74092 72099 71302 0 0 0 74547 72647 70966 71560 0 72242 0 0 0 
0 80451 80011 80511 79307 0 0 0 78232 80885 0 0 0 77574 0 77702 77355 0 0 79662 
85776 85408 0 0 0 0 82646 85975 0 85918 82319 0 85027 0 85241 0 83205 85053 0 86075 
0 89479 88759 0 0 0 88855 90460 91046 0 87974 87694 0 90980 0 88412 91812 0 88928 87772 
27355 0 0 0 0 28962 29395 0 28283 0 27883 0 0 30320 0 27702 29838 27123 0 29016 
33308 37019 35278 0 36839 36202 0 0 32719 36115 34269 0 34448 33410 36328 0 0 34485 36490 0 
0 42067 0 0 39162 0 0 38227 40482 0 38750 0 0 0 40034 41178 38978 41942 0 39508 
44212 45307 44552 43757 43894 46252 45831 45022 45510 0 0 0 0 0 0 45135 46727 0 0 44573 
0 52947 49476 0 0 49287 52931 49172 0 0 48815 50056 52196 48909 0 51298 0 49137 51171 0 
0 0 0 0 54659 0 56795 55065 56048 54616 54898 54827 0 0 57655 0 0 55184 54385 0 
0 60170 59939 0 61148 61216 0 0 59421 0 0 0 59886 0 59891 59868 62344 0 0 62001 
68488 0 65048 69256 0 69093 69117 65510 65931 0 65565 0 0 0 0 0 69158 0 64765 66777 
0 0 5350 6352 7003 4859 4979 8393 5543 0 0 0 0 0 4940 6703 4265 4663 7838 0 
11596 12550 0 0 9586 9326 12828 0 0 0 0 0 0 0 0 11617 13421 0 0 10342 
0 17371 0 17251 0 0 16380 0 18623 18857 18211 16788 0 18080 17688 0 0 15022 0 15361 
24586 0 0 0 0 0 22095 22086 23295 22347 0 21980 0 0 23509 0 21595 21688 24030 22436 
27344 0 0 29847 0 29721 28837 26284 28263 29035 29284 27905 26389 27718 0 25543 27738 30275 27781 29051 
31998 0 34850 31209 32254 34691 35096 35009 0 0 34102 31438 0 0 31715 31341 34958 35336 0 33349 
0 0 40610 0 0 40221 0 40665 38895 0 37713 0 0 0 0 39855 40232 0 0 38179 
42624 43884 0 43230 46027 44683 44649 0 43290 42236 42859 0 43907 43532 43318 45539 43549 42598 42008 43560 
0 47211 0 48557 0 0 48653 47685 0 0 0 48208 0 51214 51195 50119 48634 47496 47411 49402 
49222 50975 0 0 48343 0 51231 50230 0 49125 0 51706 49784 48300 50516 0 49519 0 50004 48734 
53621 53879 56178 56541 56307 0 0 55938 0 56534 55006 54899 56233 0 54350 0 54073 0 53963 0 
0 0 61819 0 58985 59081 0 0 58957 0 62841 62068 0 58847 61334 0 60742 59438 58946 58969 
66835 64300 0 66813 67650 64913 0 66836 65529 0 68221 0 0 66818 0 67771 67457 0 68256 64789 
73296 0 0 69534 71458 0 71910 0 73956 0 0 73217 70865 0 73064 70317 0 0 73346 72619 
77581 76544 0 0 77352 77319 0 79069 0 0 77880 0 76147 75990 0 77996 78681 0 77083 0 
0 0 0 81506 81994 83935 82619 83469 84826 82718 83104 0 80372 0 83473 0 0 82601 0 0 
88888 89511 89053 89312 87224 0 86419 88255 0 0 0 88075 86932 0 0 0 0 0 0 86934 
0 94110 94773 95144 0 91885 93846 92011 0 0 0 0 94789 0 94333 0 94464 93700 0 95291 
99620 98354 97328 99466 0 99952 0 98484 97798 0 0 98568 0 0 98229 99695 99378 97044 96320 100181 
0 0 25575 26827 27777 0 0 25900 0 23903 26060 27241 24693 25457 24166 0 27425 24090 25248 24107 
33379 0 0 30346 30034 0 0 33057 0 0 30724 30720 0 33474 32411 0 0 0 32525 0 
0 0 37940 36025 36711 34969 35355 39102 38149 38152 38787 0 38993 34948 0 37482 0 0 0 38574 
40339 0 40478 0 42140 0 42089 0 0 0 0 44021 41016 41763 42615 41607 43916 41433 0 0 
0 48572 48547 45356 0 45913 49715 45730 0 0 47749 45535 0 46069 49744 46850 47193 0 0 0 
54316 51435 0 0 51775 51361 53655 52326 53028 52422 52218 54130 54672 0 53368 0 0 0 51895 0 
56631 60408 55954 0 0 60104 56306 59551 57513 59352 0 56746 57772 56523 57626 58890 0 59789 0 57505 
66151 0 62568 0 64910 0 63614 62346 0 62814 62736 0 0 66012 65471 66064 0 0 0 63693 
27830 0 26830 0 0 0 0 26604 28952 0 26717 27297 29105 26532 27746 27330 26318 29495 0 0 
34581 34677 32029 0 35609 0 31406 35407 0 31404 31749 31645 0 31058 0 35469 32171 34460 31770 32193 
0 0 40727 0 0 40786 0 0 38149 37377 39398 0 0 39717 40540 39597 0 38958 0 0 
45780 0 43413 46498 0 0 43287 44783 44435 46052 43561 0 0 46607 42739 45356 0 41968 0 0 
49551 52138 48152 0 49859 0 0 51730 0 48220 50848 0 47711 51762 51240 0 0 0 0 49365 
0 54355 0 0 53671 0 56196 0 55886 0 0 54599 0 0 54881 53212 55039 56396 55417 55160 
60161 0 59267 61583 62190 62212 58732 0 62891 61300 0 58551 58857 62014 0 59631 62481 58875 60870 58742 
65409 0 64808 0 0 0 0 0 0 0 67679 64046 64453 0 64847 66050 63657 67865 66243 64774 
0 71357 0 72908 72190 69962 73835 0 69456 69814 0 0 71931 69642 73086 0 0 68974 73745 73065 
0 0 77556 0 78155 77026 74714 0 78356 75332 75682 0 76034 0 76900 0 0 0 77187 77223 
0 59969 0 60135 60626 60660 0 60429 57511 60548 56991 0 60226 58788 60566 58333 0 57179 58095 59206 
63031 0 63488 0 63366 0 64118 0 0 63058 0 0 0 63147 65890 0 62821 66166 0 62750 
67642 71245 69332 0 0 67658 0 0 70510 0 0 0 69545 68979 71451 69957 71581 0 69942 71446 
74692 76786 75523 0 73838 0 74835 0 0 73454 73274 72997 74518 0 0 74468 77256 74492 73083 74305 
78386 79063 0 80161 80346 82841 82284 0 78512 80958 0 0 78151 81766 0 79864 0 77986 78929 0 
0 0 0 0 0 86702 83732 0 0 0 0 84634 0 86902 87904 0 0 0 83943 0 
0 92863 0 93266 91680 0 0 88967 0 90551 0 93368 92896 0 89699 89610 90269 0 0 0 
0 0 0 0 0 97576 94933 0 95275 0 95385 95862 94759 96293 96162 94547 97435 99119 95705 0 
0 103850 102587 0 103709 0 0 102193 0 0 0 100191 0 0 0 102060 0 100097 100234 103659 
69496 68796 69182 69108 0 69778 0 0 70058 71065 0 70723 0 68781 72326 69809 0 0 0 70975 
0 0 76746 76803 0 74181 0 75395 74871 74254 0 0 77045 77812 0 0 78121 77612 0 74024 
82937 82708 81687 81928 0 80499 79623 0 0 0 82889 83549 82781 82651 0 81585 81791 81701 82314 82598 
85307 86310 0 87136 0 0 0 0 86124 88873 88309 88847 88452 84722 0 85636 87336 0 85484 0 
0 0 93257 91641 0 91799 0 0 0 92109 91637 0 0 0 92978 91910 91414 92775 91730 0 
95795 0 95599 0 0 0 0 98346 0 0 99727 99470 0 96043 99358 95520 95699 98004 96478 98767 
0 0 104741 103059 103199 0 101478 103065 0 0 0 104598 101305 102375 0 0 103874 0 100611 102814 
0 0 0 0 106945 109143 108727 107843 0 108399 106989 0 106958 0 109227 107732 0 0 0 0 
0 52266 51218 54672 0 52472 0 0 0 0 0 53220 54109 53702 0 52304 0 51982 0 52201 
59788 0 0 58330 58165 60777 60320 0 0 0 58237 0 57594 0 0 56875 0 57309 58084 59967 
0 65125 0 65254 63586 62854 0 0 66044 62668 65687 66499 65452 62763 63244 61984 63651 65179 66093 62442 
69165 0 68796 0 0 0 69090 68427 68161 70094 0 69981 70124 70402 0 0 0 69741 68889 68771 
0 73128 0 76739 74727 74272 76123 73162 73208 0 73009 0 0 0 74278 75453 73075 0 0 74375 
0 0 0 78302 79242 81556 81764 81745 78199 78047 81730 78352 78627 79488 81216 81811 79538 0 81490 0 
83393 0 85850 84531 0 87559 85454 86995 83974 0 84242 85134 85899 0 83212 0 84444 85141 0 0 
89841 0 0 88923 92113 0 93234 90374 90047 0 88971 89938 0 0 0 0 89408 0 90993 88859 
0 96876 96602 94979 0 0 94377 97391 0 95171 96523 98021 0 96764 0 95095 96079 94729 0 0 
0 103095 100634 99695 100403 100158 102996 0 103703 103621 102411 0 0 0 102433 100634 0 103083 0 0 
13063 16931 14192 16096 13280 13292 14531 0 0 0 13352 16138 13514 17005 15870 13335 0 0 0 0 
0 22363 21728 22140 0 22576 0 0 21044 0 0 18415 0 19888 21748 22611 18052 0 18620 0 
0 23791 0 0 23570 0 26471 0 24966 25585 26198 25743 24436 27734 27914 0 27037 0 0 0 
0 0 0 0 29489 29045 0 32763 31264 0 31239 0 0 31526 32214 0 30275 0 0 29329 
0 37313 38162 38141 35066 36545 0 0 38732 37718 34110 34123 34642 37811 0 0 0 37421 0 36090 
41190 0 40204 0 41063 0 41242 39857 0 0 40258 39874 42394 42854 0 41731 43589 41275 42370 41554 
0 0 0 0 0 47676 45503 0 48903 49148 0 0 0 45502 45173 0 47457 47106 45201 48844 
50665 53386 53518 51540 0 54794 51392 0 50645 0 50435 55012 0 52845 0 54440 0 50448 54254 51207 
0 32737 32420 34931 0 33268 33447 33926 35846 35357 33844 34282 35932 33595 0 35955 36281 0 32994 35448 
0 39196 41824 41511 39631 0 41881 37777 0 0 0 40152 40494 0 0 38255 41052 0 0 37870 
43377 0 44214 43687 45880 0 43931 0 0 46557 43206 0 0 46023 0 47445 43789 0 46587 47025 
51555 48584 0 0 0 0 48703 52461 52414 48783 49467 50878 51993 0 50270 49871 51259 51198 0 48307 
58070 0 55059 0 54750 53544 56471 54971 53487 58130 0 54504 58124 55471 57741 0 0 0 0 58095 
60040 63059 0 0 63168 0 0 0 0 60282 60337 63097 0 0 61306 61610 59901 0 0 0 
67884 64785 64395 0 66682 0 66668 64705 66870 0 65410 66035 0 0 66567 65259 64836 65728 68070 68316 
0 72713 0 72035 0 73137 0 70616 71745 0 0 71604 0 72929 70663 71839 70183 0 0 0 
0 0 77420 0 78745 0 76395 0 77745 75996 79629 75724 79583 77667 79513 0 77929 78139 75366 0 
the elevation angle  each lap of each rquirement(task) perfomed by each equipment: 
10 0 10 0 0 12 12 0 0 0 0 14 0 14 10 11 10 0 0 12 
0 12 10 0 0 12 0 13 0 12 12 0 0 13 0 14 12 0 11 0 
13 12 14 0 10 10 12 14 0 14 14 14 12 11 10 12 14 0 14 0 
0 0 0 0 0 11 13 0 0 12 0 13 11 0 10 13 11 0 14 10 
10 0 11 0 11 0 0 12 0 13 13 14 0 10 10 0 0 11 0 0 
12 12 10 11 13 10 12 13 0 11 0 12 11 12 0 13 0 0 12 14 
0 0 0 0 14 10 12 10 11 14 14 14 14 14 0 0 10 0 13 0 
10 10 0 0 0 13 0 12 13 11 0 11 0 13 13 10 12 11 14 0 
13 0 0 14 0 11 12 11 13 12 0 10 0 14 0 12 0 13 14 14 
13 13 0 13 11 12 12 0 0 14 10 0 11 12 11 0 0 12 11 12 
0 13 14 0 12 11 0 11 13 0 13 12 0 0 0 10 0 14 0 0 
0 14 14 11 10 11 14 0 0 0 14 14 0 0 10 11 0 13 0 11 
10 10 14 14 11 12 11 13 13 0 12 0 10 14 0 10 0 0 13 0 
14 13 10 12 10 11 10 0 0 13 0 11 10 12 14 13 14 13 12 0 
13 12 14 0 0 12 10 10 0 0 0 0 0 0 0 11 10 0 0 14 
13 13 0 14 0 13 12 14 0 0 0 12 12 10 14 0 10 11 14 0 
0 12 14 13 0 12 11 10 12 0 12 11 11 10 11 13 11 0 14 10 
0 10 0 11 0 11 0 14 12 10 0 0 0 10 0 0 12 0 14 12 
0 0 11 10 13 0 12 11 12 0 0 11 12 12 13 0 12 0 0 0 
0 11 12 0 10 14 14 11 10 14 11 12 13 10 11 0 14 10 14 14 
0 10 12 0 14 13 0 10 10 0 13 0 10 10 0 12 11 0 10 11 
0 11 12 0 14 14 12 10 13 0 11 10 12 0 11 10 11 14 12 11 
10 12 12 10 0 10 11 0 13 0 14 12 0 10 0 10 0 14 0 14 
0 12 11 0 0 0 14 0 13 14 12 12 0 13 0 0 12 10 11 14 
10 0 0 14 10 12 13 0 12 14 0 0 11 14 0 10 13 10 11 0 
0 13 11 0 0 11 14 11 0 12 0 0 0 0 10 0 12 14 0 0 
13 0 13 14 14 14 11 11 0 14 14 13 0 10 13 0 10 11 12 0 
0 14 14 0 0 10 0 0 0 0 12 14 0 0 11 0 13 0 12 10 
0 0 10 0 11 0 0 13 13 10 0 0 12 14 10 0 14 0 11 12 
10 0 0 12 14 14 0 11 0 0 13 0 12 0 10 14 0 14 10 12 
0 0 12 0 13 13 13 13 0 0 11 12 0 11 11 14 0 13 13 13 
0 12 13 12 10 0 0 0 11 0 13 0 0 11 14 0 0 10 13 12 
12 0 11 14 13 10 0 0 0 0 0 0 0 14 0 0 14 12 0 0 
0 0 14 11 0 14 0 12 0 13 0 0 11 0 13 11 14 0 11 0 
0 0 11 13 0 13 10 13 0 12 10 0 12 14 13 0 14 0 11 0 
11 0 0 0 0 10 12 14 0 12 0 0 10 0 14 12 0 12 11 0 
0 0 14 0 0 0 11 14 11 10 10 0 12 13 0 14 12 14 11 0 
0 14 14 12 11 0 0 0 10 12 13 0 0 11 11 12 13 0 0 14 
0 0 0 0 12 0 0 10 0 0 12 0 14 10 0 11 12 0 11 0 
12 0 14 12 12 10 11 0 10 13 11 10 13 0 0 0 0 11 0 13 
0 0 0 0 10 10 0 0 0 13 0 12 13 11 0 13 0 0 0 14 
14 14 14 13 0 13 0 0 0 12 0 12 0 0 11 10 0 12 0 0 
11 12 0 11 14 11 13 10 13 10 10 0 10 11 10 0 0 12 13 0 
0 14 13 0 0 14 10 0 14 13 13 12 14 10 10 10 0 13 13 0 
13 0 13 0 11 11 12 11 0 10 0 10 13 12 0 10 10 0 13 11 
0 0 11 0 0 13 10 0 0 0 0 0 0 10 11 11 13 0 13 10 
0 10 12 0 0 0 13 13 14 13 13 11 11 14 0 13 0 10 13 10 
0 0 0 14 14 0 11 0 10 14 10 14 13 10 0 0 11 14 0 0 
0 14 0 14 12 12 11 13 13 11 0 14 0 11 13 0 14 0 12 10 
13 10 0 14 0 0 0 12 14 10 12 0 12 13 11 0 13 0 0 13 
12 0 11 0 11 0 13 14 0 13 13 11 11 14 0 0 10 10 0 12 
0 11 12 11 0 14 10 10 12 0 13 11 0 14 0 11 12 13 12 0 
14 10 10 10 11 14 10 13 12 11 12 11 0 14 13 11 0 0 12 0 
14 13 14 10 0 11 0 10 13 0 0 0 14 14 12 0 10 12 10 11 
14 11 14 10 10 0 0 10 14 13 10 0 10 12 0 13 13 0 11 13 
11 12 11 0 0 14 0 13 13 12 10 0 0 11 14 0 13 10 14 0 
0 10 12 10 10 0 0 14 12 14 11 0 0 12 10 13 0 0 10 0 
0 14 10 0 11 0 0 11 12 14 12 0 0 14 13 0 12 0 13 12 
13 11 11 10 0 14 0 0 10 14 11 12 0 12 0 12 14 10 10 11 
14 12 10 10 14 0 14 14 11 14 0 14 0 0 0 14 10 14 10 14 
0 0 11 0 0 0 0 10 0 0 10 0 0 0 13 10 0 10 12 0 
0 10 0 10 0 0 12 11 10 14 12 0 10 12 0 0 0 14 0 12 
10 14 0 0 0 11 14 10 0 11 11 11 0 14 0 11 10 12 0 12 
0 11 0 10 0 14 11 0 13 0 11 0 10 10 0 0 0 13 10 0 
0 0 12 0 0 10 11 0 0 0 0 0 0 0 10 0 0 0 0 0 
13 0 12 12 0 11 10 13 11 12 0 0 14 0 0 13 14 12 12 11 
0 0 12 0 12 14 0 0 10 13 14 13 0 14 13 0 0 0 12 0 
14 12 0 12 10 14 11 0 10 0 10 10 10 0 10 0 0 0 14 0 
13 0 0 0 14 0 12 10 14 10 14 12 11 12 14 12 11 14 13 14 
0 14 10 0 14 0 0 0 12 11 0 14 11 11 0 14 0 0 0 12 
12 11 10 13 0 0 10 12 0 0 0 11 11 11 14 11 11 11 13 0 
11 13 0 0 0 11 0 0 0 14 14 0 10 14 0 13 13 13 14 12 
11 0 0 10 0 0 0 10 14 0 14 11 12 11 0 12 0 12 10 0 
0 0 12 0 0 13 14 0 0 14 14 14 0 13 11 10 0 14 0 12 
13 10 0 11 10 0 14 11 10 11 14 12 13 0 0 0 11 14 13 11 
13 12 0 12 0 14 14 13 13 10 12 0 0 13 11 14 0 14 14 13 
11 14 13 0 14 0 0 0 10 11 13 0 0 11 0 11 10 14 0 14 
0 12 10 0 0 0 13 12 11 10 10 14 14 0 14 11 14 0 12 13 
11 10 0 11 13 0 0 0 12 0 11 0 0 0 11 10 13 0 12 14 
14 0 11 12 0 0 11 0 13 10 10 12 10 13 11 13 10 0 12 14 
0 0 12 11 11 0 13 12 10 0 13 0 13 0 11 12 0 0 0 10 
12 0 0 12 0 14 0 10 12 10 13 0 12 13 14 14 14 0 0 13 
14 11 0 10 10 10 0 12 10 14 13 12 0 11 0 12 0 14 10 14 
0 0 12 13 0 12 12 14 0 0 11 10 12 13 12 0 0 12 0 12 
13 11 13 0 11 14 11 0 13 12 0 12 13 0 13 11 12 0 14 13 
0 0 12 12 0 0 11 12 14 11 0 13 10 0 10 10 14 10 13 12 
12 10 10 0 0 0 10 0 13 0 13 13 0 14 0 0 12 0 10 13 
0 0 14 13 12 12 10 14 13 14 14 10 14 10 13 12 13 10 13 13 
10 0 0 13 12 0 0 11 0 12 0 0 11 0 0 12 12 12 0 11 
0 0 0 10 11 12 0 0 13 10 12 0 13 0 13 12 10 0 11 12 
14 10 11 12 0 0 12 13 0 0 0 14 10 12 0 10 0 0 14 0 
0 13 0 10 0 0 11 0 0 12 10 13 12 10 0 14 0 13 14 0 
11 0 14 0 0 0 12 13 0 0 13 0 13 0 12 13 0 0 0 0 
12 0 0 10 10 0 11 0 0 10 0 14 12 0 11 13 0 13 14 0 
0 0 14 10 0 14 11 10 14 0 0 11 14 10 12 0 10 0 0 0 
14 0 13 0 13 11 0 11 0 0 0 10 10 13 12 13 12 14 10 13 
10 12 0 10 10 0 13 14 12 0 10 0 0 13 12 0 13 11 0 12 
0 0 0 11 12 14 13 13 13 0 0 0 0 14 0 13 12 11 0 13 
0 0 10 0 11 0 0 14 12 11 12 0 14 10 0 11 10 10 0 12 
13 0 10 0 0 0 13 11 0 11 11 0 0 0 0 0 0 13 13 10 
10 10 10 14 12 13 11 10 11 13 0 0 11 0 0 13 0 10 14 0 
11 10 10 11 11 0 0 12 0 10 0 10 14 14 0 12 0 14 0 0 
10 0 0 11 0 0 0 11 14 13 12 0 0 0 14 0 13 10 0 14 
0 12 13 14 0 0 14 0 11 0 13 11 0 0 14 11 12 0 13 13 
0 0 0 14 0 0 0 0 0 0 13 14 10 0 13 0 11 0 0 12 
12 11 13 12 0 13 13 10 13 14 0 0 0 10 11 0 0 10 0 0 
11 0 0 0 11 10 12 14 11 10 10 10 0 0 14 10 0 0 14 0 
0 0 0 10 0 11 0 11 12 13 11 12 0 13 0 0 10 14 0 13 
10 14 0 0 12 13 12 0 11 13 11 0 11 10 0 14 10 11 12 13 
10 12 0 0 11 0 11 0 0 13 10 10 13 11 14 11 13 11 10 13 
0 0 11 14 0 10 11 12 11 11 10 0 0 0 13 0 0 14 0 14 
11 0 12 12 0 14 0 0 13 0 14 0 11 14 0 14 0 11 11 0 
14 12 13 12 0 11 0 14 12 0 11 11 12 0 12 0 10 13 0 0 
12 13 0 12 0 0 10 12 14 14 13 13 0 12 0 10 0 14 0 14 
11 10 13 14 14 0 13 14 10 0 11 0 12 11 10 0 12 10 10 0 
11 13 13 14 0 11 13 0 14 13 0 0 11 0 13 10 0 11 13 0 
11 14 14 11 0 0 0 0 0 11 0 0 10 13 14 14 0 10 12 0 
10 13 14 14 0 11 10 0 12 0 0 0 10 0 0 0 11 14 13 11 
0 13 10 14 14 13 12 14 0 11 0 14 0 0 0 0 10 12 11 14 
11 11 0 10 12 13 14 0 10 0 11 11 10 12 0 0 14 13 12 10 
13 10 11 14 14 11 0 14 11 13 10 0 10 11 14 0 10 12 14 12 
14 12 10 0 12 13 12 0 0 13 0 13 0 0 11 13 0 13 10 13 
11 0 0 0 11 0 10 0 11 0 12 10 12 0 10 13 12 0 10 13 
13 10 10 10 12 11 12 11 11 10 14 12 0 13 0 0 14 11 10 10 
11 13 13 13 14 0 14 12 0 0 11 0 0 0 0 0 0 10 10 12 
11 0 12 12 0 0 14 10 11 14 0 10 0 11 14 0 14 14 0 0 
11 14 0 12 0 0 11 11 0 0 10 0 11 0 0 11 12 10 13 13 
13 12 11 0 10 11 14 0 14 11 0 10 10 13 10 10 12 13 10 11 
0 0 13 0 10 14 11 10 11 11 10 0 14 0 0 14 14 12 0 12 
10 12 13 0 0 0 13 0 14 11 12 10 13 13 10 0 12 0 11 13 
0 10 10 11 11 10 12 0 13 0 0 14 14 14 0 10 0 0 0 0 
13 0 13 0 0 0 0 0 14 11 11 11 10 14 11 13 0 12 0 0 
0 10 10 10 0 0 12 0 0 11 13 10 0 11 10 14 11 0 10 0 
11 13 0 10 0 0 14 0 11 0 0 14 0 12 0 14 0 12 12 12 
13 13 0 0 11 11 0 0 12 0 0 14 0 0 12 10 0 12 13 0 
11 13 14 0 0 0 14 0 12 0 12 0 10 0 0 12 14 0 13 14 
0 0 0 11 0 13 14 14 11 0 11 12 0 11 13 13 11 0 0 14 
13 10 13 0 11 0 0 12 14 0 0 0 0 14 0 10 0 0 0 0 
11 10 14 0 10 0 0 14 14 11 10 0 13 0 11 10 11 14 11 10 
13 0 11 0 13 0 10 13 10 0 10 14 11 12 0 14 0 11 0 0 
13 12 0 12 0 0 12 14 11 12 14 13 12 13 14 11 13 12 11 12 
0 10 0 0 10 13 11 0 11 0 12 10 13 10 13 0 12 12 0 10 
13 0 13 12 14 0 10 10 14 12 0 14 0 13 0 14 0 11 10 0 
0 10 14 12 13 14 11 0 10 0 0 0 0 0 13 0 0 13 0 0 
0 13 0 10 0 0 10 12 13 11 11 0 11 0 13 0 12 0 12 12 
10 11 14 10 13 11 0 12 13 11 10 0 14 12 14 12 14 11 14 14 
0 0 12 14 0 13 10 12 0 0 0 13 13 12 13 14 14 10 13 10 
10 0 0 12 14 0 13 10 12 11 11 14 0 13 0 13 0 0 13 13 
11 0 10 12 13 14 12 14 0 13 0 0 10 12 13 0 11 10 10 12 
0 14 0 0 0 11 0 11 12 0 0 0 10 12 0 0 0 14 0 10 
0 13 0 0 0 14 13 13 10 14 10 14 0 11 0 0 10 14 11 0 
12 12 0 11 0 10 0 0 0 0 12 11 14 14 0 0 12 12 0 10 
0 14 10 0 0 0 13 0 13 0 0 0 0 11 14 0 0 0 11 11 
11 0 0 0 0 0 14 0 0 10 13 12 14 0 0 12 0 12 14 0 
0 12 14 0 10 12 10 13 11 0 12 10 0 10 10 0 14 14 0 12 
0 12 0 0 0 12 14 10 0 14 12 14 14 10 11 10 12 0 0 14 
13 10 0 13 14 0 12 10 10 0 0 11 0 10 0 14 0 13 0 0 
11 14 13 10 11 0 0 12 12 10 0 0 14 11 0 0 13 0 10 13 
11 12 0 0 11 12 0 0 0 10 10 10 13 14 14 13 0 10 0 13 
0 10 0 13 11 13 11 12 11 12 0 0 0 0 14 0 11 13 10 0 
12 14 11 14 12 13 0 11 10 0 11 0 11 0 0 0 0 12 12 0 
0 0 10 0 0 0 11 0 13 11 10 12 13 12 14 0 14 0 12 0 
14 13 14 14 12 0 11 0 10 0 13 0 10 10 10 0 13 0 0 0 
12 12 0 0 12 10 11 14 0 0 0 11 11 14 11 0 12 0 0 0 
0 10 10 11 13 0 0 0 14 10 0 0 0 10 0 10 14 0 0 11 
13 11 0 0 0 0 14 13 0 10 10 0 14 0 12 0 14 12 0 12 
0 11 14 0 0 0 12 12 14 0 10 11 0 13 0 11 11 0 14 11 
12 0 0 0 0 13 11 0 10 0 13 0 0 10 0 13 12 12 0 11 
14 13 10 0 13 13 0 0 10 12 10 0 13 11 14 0 0 13 12 0 
0 12 0 0 12 0 0 13 10 0 13 0 0 0 13 14 13 10 0 11 
11 13 10 11 12 14 11 10 14 0 0 0 0 0 0 11 13 0 0 13 
0 10 13 0 0 11 11 12 0 0 10 14 11 14 0 11 0 12 13 0 
0 0 0 0 11 0 14 11 11 14 10 14 0 0 13 0 0 10 14 0 
0 14 14 0 13 14 0 0 10 0 0 0 14 0 10 14 11 0 0 12 
13 0 12 13 0 14 13 13 10 0 10 0 0 0 0 0 14 0 12 13 
0 0 14 14 11 10 14 12 12 0 0 0 0 0 11 12 14 12 11 0 
10 11 0 0 14 12 12 0 0 0 0 0 0 0 0 14 13 0 0 14 
0 11 0 13 0 0 12 0 13 10 10 10 0 11 11 0 0 12 0 11 
10 0 0 0 0 0 10 10 12 14 0 13 0 0 12 0 12 12 14 10 
10 0 0 12 0 13 13 12 12 10 13 13 12 11 0 10 14 13 12 14 
11 0 10 11 10 14 10 12 0 0 14 12 0 0 14 11 13 10 0 11 
0 0 12 0 0 12 0 11 12 0 14 0 0 0 0 14 14 0 0 14 
13 10 0 14 10 11 12 0 10 12 12 0 10 12 13 13 10 11 10 14 
0 14 0 14 0 0 12 10 0 0 0 14 0 11 12 10 12 12 11 12 
13 12 0 0 13 0 14 14 0 12 0 14 10 13 14 0 14 0 11 12 
10 14 14 10 11 0 0 11 0 12 11 13 13 0 11 0 12 0 10 0 
0 0 13 0 13 10 0 0 10 0 14 13 0 12 14 0 10 13 13 12 
12 14 0 10 11 13 0 14 12 0 10 0 0 13 0 13 11 0 14 14 
13 0 0 10 10 0 12 0 14 0 0 12 11 0 12 10 0 0 10 10 
14 14 0 0 10 12 0 11 0 0 12 0 10 14 0 11 13 0 13 0 
0 0 0 10 10 14 11 10 11 11 13 0 11 0 14 0 0 13 0 0 
12 11 14 13 13 0 11 14 0 0 0 12 11 0 0 0 0 0 0 14 
0 14 13 12 0 10 11 12 0 0 0 0 14 0 11 0 14 10 0 10 
11 12 14 10 0 14 0 14 14 0 0 10 0 0 10 11 10 13 11 12 
0 0 12 10 10 0 0 11 0 12 11 10 10 14 10 0 10 14 12 12 
11 0 0 13 11 0 0 13 0 0 11 14 0 11 11 0 0 0 11 0 
0 0 10 10 11 13 10 14 10 12 13 0 12 11 0 13 0 0 0 11 
10 0 14 0 13 0 12 0 0 0 0 13 12 11 13 11 11 12 0 0 
0 10 13 12 0 14 13 13 0 0 14 13 0 14 10 10 14 0 0 0 
14 12 0 0 10 13 11 14 10 14 14 11 10 0 11 0 0 0 11 0 
14 12 12 0 0 13 14 12 10 14 0 10 14 11 13 14 0 11 0 11 
12 0 12 0 13 0 11 10 0 13 11 0 0 11 14 10 0 0 0 14 
11 0 10 0 0 0 0 10 14 0 11 12 13 11 11 13 14 13 0 0 
12 11 10 0 11 0 13 12 0 14 12 13 0 13 0 11 10 10 13 11 
0 0 11 0 0 13 0 0 13 10 12 0 0 12 11 13 0 11 0 0 
12 0 10 11 0 0 13 14 14 14 12 0 0 14 14 10 0 10 0 0 
14 11 13 0 10 0 0 11 0 14 12 0 14 11 10 0 0 0 0 13 
0 14 0 0 10 0 12 0 11 0 0 12 0 0 13 12 12 11 11 11 
13 0 11 13 14 10 14 0 14 10 0 13 13 13 0 13 14 12 10 13 
12 0 12 0 0 0 0 0 0 0 11 10 11 0 10 11 10 14 10 11 
0 13 0 13 10 14 10 0 10 12 0 0 11 14 10 0 0 13 14 11 
0 0 10 0 10 13 13 0 14 10 14 0 11 0 14 0 0 0 14 11 
0 13 0 13 12 10 0 10 10 11 14 0 13 11 10 10 0 14 10 12 
14 0 10 0 14 0 12 0 0 12 0 0 0 11 14 0 13 10 0 14 
10 11 13 0 0 11 0 0 11 0 0 0 11 12 12 12 14 0 10 11 
14 10 13 0 14 0 12 0 0 12 14 11 11 0 0 13 14 14 13 13 
10 13 0 14 13 13 10 0 14 13 0 0 14 11 0 14 0 10 11 0 
0 0 0 0 0 14 14 0 0 0 0 12 0 12 13 0 0 0 11 0 
0 11 0 10 11 0 0 12 0 13 0 10 14 0 13 11 14 0 0 0 
0 0 0 0 0 12 10 0 12 0 14 11 10 12 13 12 12 10 11 0 
0 10 12 0 10 0 0 12 0 0 0 14 0 0 0 11 0 11 14 14 
11 10 14 12 0 14 0 0 14 11 0 14 0 12 14 13 0 0 0 13 
0 0 12 12 0 11 0 10 14 13 0 0 12 10 0 0 12 10 0 13 
11 10 13 12 0 14 10 0 0 0 11 14 10 13 0 11 12 11 14 12 
10 14 0 12 0 0 0 0 10 10 14 11 14 13 0 10 12 0 14 0 
0 0 10 14 0 11 0 0 0 11 10 0 0 0 14 13 12 12 14 0 
13 0 13 0 0 0 0 12 0 0 14 10 0 12 12 13 14 13 13 12 
0 0 13 14 11 0 11 14 0 0 0 12 14 11 0 0 10 0 10 14 
0 0 0 0 13 10 11 10 0 12 14 0 13 0 11 14 0 0 0 0 
0 11 12 14 0 13 0 0 0 0 0 10 13 13 0 10 0 11 0 13 
14 0 0 10 11 14 11 0 0 0 14 0 10 0 0 14 0 11 14 11 
0 13 0 11 14 10 0 0 14 10 12 14 10 13 13 11 12 10 11 14 
13 0 12 0 0 0 11 10 12 10 0 13 10 11 0 0 0 10 13 13 
0 10 0 12 12 11 13 10 11 0 12 0 0 0 14 13 12 0 0 11 
0 0 0 13 13 13 13 11 14 11 13 13 13 11 11 14 12 0 11 0 
12 0 11 14 0 12 13 10 12 0 14 10 14 0 10 0 14 13 0 0 
12 0 0 13 11 0 14 10 14 0 11 12 0 0 0 0 10 0 13 14 
0 11 13 13 0 0 14 14 0 11 11 12 0 11 0 12 10 13 0 0 
0 11 10 10 11 10 13 0 11 13 12 0 0 0 12 10 0 12 0 0 
14 12 10 14 11 12 12 0 0 0 12 13 10 10 12 14 0 0 0 0 
0 11 13 14 0 13 0 0 13 0 0 14 0 14 12 10 13 0 12 0 
0 12 0 0 12 0 11 0 10 12 11 11 14 13 13 0 13 0 0 0 
0 0 0 0 10 14 0 12 12 0 11 0 0 13 11 0 14 0 0 13 
0 11 10 14 11 13 0 0 13 10 10 13 11 12 0 0 0 14 0 13 
14 0 14 0 10 0 13 13 0 0 10 10 11 13 0 14 12 10 10 11 
0 0 0 0 0 12 13 0 11 11 0 0 0 13 11 0 12 10 12 12 
13 11 11 12 0 14 11 0 10 0 11 10 0 12 0 11 0 10 10 14 
0 10 11 12 0 12 11 13 10 12 14 12 12 11 0 12 14 0 11 11 
0 13 13 14 12 0 13 14 0 0 0 14 11 0 0 12 10 0 0 11 
11 0 14 13 13 0 13 0 0 14 12 0 0 13 0 11 10 0 13 13 
10 12 0 0 0 0 13 14 13 13 12 12 13 0 14 13 10 10 0 12 
10 0 13 0 14 13 11 13 10 14 0 14 11 13 14 0 0 0 0 12 
14 14 0 0 12 0 0 0 0 14 13 10 0 0 10 12 12 0 0 0 
11 14 10 0 11 0 13 13 11 0 12 14 0 0 13 14 14 10 11 13 
0 10 0 13 0 14 0 14 12 0 0 10 0 13 14 10 14 0 0 0 
0 0 14 0 14 0 14 0 13 14 11 10 11 11 14 0 11 12 14 0 
: 
1075 0 1056 0 0 1078 1003 0 0 0 0 1075 0 1018 1008 1056 1086 0 0 1035 
0 1044 1026 0 0 1083 0 1052 0 1019 1007 0 0 1063 0 1055 1065 0 1063 0 
1014 1008 1052 0 1033 1009 1080 1081 0 1091 1045 1094 1090 1034 1063 1076 1012 0 1007 0 
0 0 0 0 0 1035 1075 0 0 1062 0 1065 1070 0 1037 1065 1011 0 1015 1058 
1082 0 1053 0 1062 0 0 1000 0 1073 1034 1080 0 1088 1078 0 0 1073 0 0 
1094 1098 1081 1037 1036 1039 1066 1080 0 1039 0 1029 1027 1063 0 1050 0 0 1027 1030 
0 0 0 0 1078 1089 1007 1046 1008 1095 1085 1084 1046 1074 0 0 1052 0 1033 0 
1051 1020 0 0 0 1082 0 1087 1059 1089 0 1031 0 1025 1021 1018 1082 1018 1015 0 
1036 0 0 1041 0 1036 1025 1089 1019 1028 0 1010 0 1038 0 1078 0 1010 1063 1002 
1053 1003 0 1088 1018 1010 1079 0 0 1016 1018 0 1068 1001 1010 0 0 1062 1069 1067 
0 1061 1036 0 1054 1046 0 1097 1025 0 1016 1085 0 0 0 1047 0 1015 0 0 
0 1061 1089 1020 1090 1094 1049 0 0 0 1061 1041 0 0 1071 1063 0 1001 0 1087 
1051 1002 1069 1045 1086 1029 1068 1022 1012 0 1068 0 1075 1022 0 1048 0 0 1030 0 
1044 1091 1037 1051 1087 1077 1023 0 0 1059 0 1023 1088 1045 1019 1057 1008 1082 1066 0 
1058 1048 1094 0 0 1066 1052 1097 0 0 0 0 0 0 0 1003 1092 0 0 1087 
1017 1006 0 1049 0 1020 1099 1051 0 0 0 1034 1022 1054 1064 0 1079 1003 1086 0 
0 1037 1068 1056 0 1053 1065 1044 1009 0 1086 1051 1001 1087 1078 1075 1095 0 1079 1064 
0 1015 0 1028 0 1016 0 1070 1073 1032 0 0 0 1020 0 0 1084 0 1079 1039 
0 0 1083 1041 1069 0 1043 1096 1040 0 0 1029 1030 1007 1013 0 1065 0 0 0 
0 1044 1043 0 1087 1040 1008 1004 1092 1002 1049 1032 1023 1078 1091 0 1019 1078 1049 1007 
0 1007 1012 0 1040 1071 0 1073 1056 0 1068 0 1053 1097 0 1031 1021 0 1071 1084 
0 1031 1070 0 1007 1056 1076 1043 1035 0 1008 1047 1032 0 1052 1029 1009 1013 1015 1080 
1012 1044 1025 1076 0 1080 1075 0 1007 0 1082 1077 0 1090 0 1016 0 1080 0 1004 
0 1029 1001 0 0 0 1083 0 1051 1082 1085 1084 0 1081 0 0 1044 1055 1021 1006 
1000 0 0 1028 1091 1015 1030 0 1086 1070 0 0 1049 1052 0 1037 1065 1008 1047 0 
0 1040 1092 0 0 1053 1043 1003 0 1015 0 0 0 0 1067 0 1095 1082 0 0 
1015 0 1054 1047 1098 1095 1045 1089 0 1082 1013 1074 0 1051 1098 0 1045 1092 1008 0 
0 1070 1015 0 0 1008 0 0 0 0 1009 1097 0 0 1044 0 1039 0 1020 1012 
0 0 1069 0 1043 0 0 1041 1088 1079 0 0 1011 1061 1085 0 1018 0 1028 1025 
1095 0 0 1096 1045 1056 0 1050 0 0 1081 0 1095 0 1007 1016 0 1085 1046 1048 
0 0 1017 0 1057 1082 1093 1088 0 0 1022 1041 0 1015 1081 1034 0 1045 1082 1006 
0 1020 1093 1026 1001 0 0 0 1010 0 1004 0 0 1082 1026 0 0 1097 1041 1013 
1005 0 1036 1088 1070 1071 0 0 0 0 0 0 0 1041 0 0 1041 1048 0 0 
0 0 1058 1061 0 1039 0 1030 0 1090 0 0 1043 0 1072 1051 1017 0 1058 0 
0 0 1063 1073 0 1029 1054 1020 0 1087 1072 0 1000 1019 1037 0 1072 0 1076 0 
1020 0 0 0 0 1090 1081 1080 0 1014 0 0 1088 0 1080 1082 0 1002 1067 0 
0 0 1041 0 0 0 1079 1050 1059 1019 1086 0 1045 1072 0 1046 1035 1014 1035 0 
0 1057 1032 1093 1031 0 0 0 1017 1079 1048 0 0 1011 1082 1018 1026 0 0 1049 
0 0 0 0 1057 0 0 1063 0 0 1072 0 1051 1029 0 1080 1005 0 1026 0 
1094 0 1010 1064 1025 1023 1072 0 1071 1051 1003 1079 1050 0 0 0 0 1095 0 1058 
0 0 0 0 1044 1072 0 0 0 1078 0 1008 1065 1080 0 1077 0 0 0 1035 
1007 1028 1078 1092 0 1027 0 0 0 1003 0 1029 0 0 1068 1039 0 1021 0 0 
1008 1029 0 1016 1036 1090 1014 1022 1008 1059 1039 0 1019 1098 1029 0 0 1032 1048 0 
0 1036 1040 0 0 1029 1020 0 1003 1052 1010 1098 1018 1023 1068 1062 0 1054 1002 0 
1080 0 1007 0 1079 1089 1006 1003 0 1063 0 1025 1036 1022 0 1080 1024 0 1060 1011 
0 0 1094 0 0 1057 1011 0 0 0 0 0 0 1041 1057 1026 1084 0 1065 1052 
0 1028 1017 0 0 0 1017 1011 1098 1008 1081 1082 1028 1012 0 1027 0 1026 1041 1037 
0 0 0 1036 1012 0 1043 0 1033 1069 1064 1070 1049 1059 0 0 1080 1044 0 0 
0 1028 0 1087 1068 1071 1058 1040 1000 1075 0 1035 0 1026 1080 0 1006 0 1056 1047 
1083 1013 0 1046 0 0 0 1084 1007 1097 1078 0 1063 1096 1042 0 1050 0 0 1058 
1028 0 1018 0 1006 0 1086 1073 0 1033 1009 1053 1021 1040 0 0 1013 1005 0 1026 
0 1011 1003 1022 0 1056 1084 1068 1050 0 1092 1072 0 1061 0 1030 1086 1020 1038 0 
1020 1098 1093 1025 1023 1099 1015 1079 1074 1096 1044 1087 0 1013 1059 1023 0 0 1034 0 
1072 1087 1099 1031 0 1009 0 1060 1022 0 0 0 1020 1056 1022 0 1030 1001 1057 1054 
1031 1039 1030 1043 1012 0 0 1035 1034 1057 1070 0 1000 1017 0 1079 1010 0 1087 1073 
1019 1042 1054 0 0 1004 0 1010 1076 1026 1055 0 0 1004 1047 0 1032 1094 1088 0 
0 1026 1046 1089 1055 0 0 1080 1054 1034 1031 0 0 1028 1053 1028 0 0 1048 0 
0 1054 1049 0 1036 0 0 1094 1074 1071 1078 0 0 1092 1013 0 1015 0 1022 1032 
1093 1028 1035 1091 0 1008 0 0 1077 1072 1083 1008 0 1036 0 1089 1031 1049 1072 1028 
1033 1048 1081 1049 1097 0 1099 1055 1067 1054 0 1092 0 0 0 1065 1076 1095 1043 1014 
0 0 1098 0 0 0 0 1028 0 0 1046 0 0 0 1005 1094 0 1045 1019 0 
0 1041 0 1090 0 0 1074 1072 1015 1090 1039 0 1078 1059 0 0 0 1060 0 1030 
1088 1061 0 0 0 1077 1063 1097 0 1096 1001 1079 0 1065 0 1059 1082 1000 0 1071 
0 1064 0 1056 0 1015 1043 0 1097 0 1013 0 1051 1087 0 0 0 1093 1095 0 
0 0 1066 0 0 1091 1091 0 0 0 0 0 0 0 1092 0 0 0 0 0 
1002 0 1001 1005 0 1066 1041 1081 1028 1091 0 0 1024 0 0 1037 1065 1084 1060 1036 
0 0 1011 0 1018 1006 0 0 1032 1092 1008 1053 0 1001 1041 0 0 0 1005 0 
1085 1048 0 1086 1029 1006 1048 0 1036 0 1003 1026 1048 0 1009 0 0 0 1066 0 
1031 0 0 0 1066 0 1081 1012 1048 1070 1075 1042 1034 1029 1012 1074 1034 1083 1037 1017 
0 1005 1019 0 1067 0 0 0 1029 1042 0 1099 1018 1046 0 1015 0 0 0 1072 
1022 1063 1079 1078 0 0 1054 1099 0 0 0 1000 1027 1026 1029 1096 1072 1012 1096 0 
1072 1013 0 0 0 1013 0 0 0 1043 1063 0 1082 1093 0 1068 1044 1070 1048 1004 
1047 0 0 1031 0 0 0 1074 1055 0 1089 1001 1090 1084 0 1018 0 1012 1042 0 
0 0 1062 0 0 1023 1064 0 0 1094 1064 1088 0 1016 1054 1046 0 1059 0 1031 
1072 1021 0 1093 1081 0 1067 1065 1049 1072 1013 1025 1011 0 0 0 1064 1051 1087 1063 
1057 1038 0 1013 0 1058 1029 1084 1035 1016 1018 0 0 1017 1045 1095 0 1069 1023 1084 
1050 1075 1040 0 1008 0 0 0 1054 1054 1047 0 0 1000 0 1041 1059 1096 0 1053 
0 1071 1047 0 0 0 1064 1060 1014 1068 1008 1035 1005 0 1005 1080 1086 0 1040 1076 
1027 1006 0 1050 1095 0 0 0 1057 0 1085 0 0 0 1074 1013 1069 0 1039 1096 
1079 0 1005 1081 0 0 1047 0 1039 1026 1056 1023 1023 1076 1008 1089 1040 0 1062 1038 
0 0 1052 1013 1042 0 1099 1023 1003 0 1088 0 1045 0 1044 1083 0 0 0 1043 
1047 0 0 1035 0 1094 0 1043 1088 1091 1087 0 1029 1040 1068 1066 1068 0 0 1002 
1082 1096 0 1065 1021 1017 0 1095 1038 1078 1089 1083 0 1098 0 1017 0 1004 1074 1096 
0 0 1068 1022 0 1084 1085 1016 0 0 1012 1041 1046 1029 1040 0 0 1011 0 1055 
1024 1048 1006 0 1017 1063 1057 0 1031 1058 0 1041 1025 0 1097 1066 1050 0 1024 1010 
0 0 1024 1097 0 0 1028 1045 1011 1013 0 1023 1046 0 1034 1061 1090 1027 1095 1075 
1031 1073 1067 0 0 0 1006 0 1034 0 1035 1032 0 1046 0 0 1083 0 1022 1067 
0 0 1029 1054 1020 1080 1084 1093 1015 1016 1087 1050 1080 1061 1024 1072 1009 1092 1073 1092 
1063 0 0 1068 1074 0 0 1011 0 1027 0 0 1033 0 0 1006 1082 1075 0 1043 
0 0 0 1032 1081 1028 0 0 1048 1068 1016 0 1086 0 1043 1046 1086 0 1048 1046 
1019 1063 1060 1007 0 0 1083 1025 0 0 0 1010 1010 1026 0 1087 0 0 1009 0 
0 1078 0 1009 0 0 1049 0 0 1053 1069 1036 1094 1092 0 1073 0 1069 1066 0 
1026 0 1045 0 0 0 1028 1098 0 0 1058 0 1083 0 1073 1054 0 0 0 0 
1088 0 0 1075 1013 0 1067 0 0 1004 0 1039 1005 0 1021 1080 0 1084 1082 0 
0 0 1082 1037 0 1073 1006 1008 1094 0 0 1076 1055 1003 1065 0 1082 0 0 0 
1041 0 1075 0 1034 1078 0 1027 0 0 0 1061 1049 1064 1005 1035 1039 1073 1040 1037 
1012 1014 0 1041 1093 0 1044 1098 1023 0 1022 0 0 1096 1098 0 1019 1037 0 1018 
0 0 0 1032 1049 1024 1083 1058 1068 0 0 0 0 1003 0 1087 1023 1042 0 1004 
0 0 1078 0 1078 0 0 1049 1094 1038 1029 0 1094 1089 0 1033 1057 1084 0 1000 
1057 0 1081 0 0 0 1047 1099 0 1013 1095 0 0 0 0 0 0 1009 1047 1025 
1034 1084 1007 1013 1057 1010 1003 1089 1032 1001 0 0 1072 0 0 1045 0 1053 1087 0 
1050 1012 1084 1085 1012 0 0 1086 0 1054 0 1090 1023 1099 0 1079 0 1010 0 0 
1072 0 0 1060 0 0 0 1074 1076 1071 1008 0 0 0 1063 0 1049 1080 0 1067 
0 1003 1058 1051 0 0 1069 0 1009 0 1084 1044 0 0 1094 1081 1001 0 1015 1053 
0 0 0 1020 0 0 0 0 0 0 1078 1038 1007 0 1095 0 1091 0 0 1065 
1082 1085 1022 1077 0 1054 1042 1051 1064 1022 0 0 0 1077 1052 0 0 1044 0 0 
1069 0 0 0 1080 1077 1014 1050 1043 1090 1013 1082 0 0 1018 1008 0 0 1059 0 
0 0 0 1046 0 1043 0 1092 1034 1077 1099 1082 0 1091 0 0 1011 1079 0 1073 
1060 1022 0 0 1074 1072 1075 0 1015 1090 1088 0 1039 1056 0 1008 1035 1017 1053 1064 
1077 1006 0 0 1008 0 1056 0 0 1064 1008 1070 1036 1065 1049 1019 1085 1000 1085 1017 
0 0 1018 1081 0 1002 1004 1008 1013 1076 1000 0 0 0 1025 0 0 1039 0 1012 
1039 0 1007 1068 0 1007 0 0 1088 0 1026 0 1047 1064 0 1053 0 1083 1061 0 
1010 1001 1066 1019 0 1099 0 1069 1003 0 1018 1058 1096 0 1012 0 1008 1030 0 0 
1084 1051 0 1051 0 0 1026 1079 1089 1003 1055 1010 0 1094 0 1015 0 1089 0 1001 
1059 1097 1031 1072 1020 0 1094 1074 1076 0 1083 0 1035 1011 1040 0 1072 1041 1010 0 
1037 1083 1043 1041 0 1027 1007 0 1030 1014 0 0 1091 0 1008 1037 0 1062 1006 0 
1083 1054 1094 1060 0 0 0 0 0 1081 0 0 1070 1058 1001 1021 0 1060 1064 0 
1058 1050 1041 1049 0 1059 1072 0 1016 0 0 0 1034 0 0 0 1023 1074 1025 1010 
0 1072 1076 1002 1047 1061 1021 1081 0 1071 0 1074 0 0 0 0 1092 1063 1043 1063 
1054 1004 0 1006 1084 1003 1028 0 1003 0 1007 1083 1089 1058 0 0 1094 1019 1090 1010 
1034 1068 1048 1047 1004 1030 0 1019 1062 1047 1016 0 1095 1026 1074 0 1099 1091 1044 1036 
1092 1013 1006 0 1082 1055 1068 0 0 1035 0 1043 0 0 1042 1015 0 1082 1061 1093 
1014 0 0 0 1013 0 1011 0 1075 0 1058 1040 1054 0 1001 1036 1083 0 1032 1029 
1090 1044 1043 1054 1026 1000 1002 1090 1007 1035 1030 1024 0 1052 0 0 1098 1083 1075 1042 
1044 1053 1074 1073 1072 0 1021 1010 0 0 1052 0 0 0 0 0 0 1019 1030 1057 
1078 0 1089 1065 0 0 1048 1004 1084 1096 0 1099 0 1019 1068 0 1074 1092 0 0 
1076 1040 0 1008 0 0 1025 1062 0 0 1085 0 1070 0 0 1074 1047 1041 1009 1038 
1027 1007 1028 0 1045 1050 1049 0 1084 1094 0 1041 1088 1085 1041 1019 1047 1093 1080 1068 
0 0 1099 0 1099 1090 1033 1010 1008 1076 1040 0 1015 0 0 1077 1083 1027 0 1040 
1010 1065 1036 0 0 0 1029 0 1088 1095 1092 1009 1017 1080 1025 0 1009 0 1096 1024 
0 1076 1005 1007 1040 1063 1066 0 1013 0 0 1095 1009 1073 0 1035 0 0 0 0 
1024 0 1071 0 0 0 0 0 1094 1034 1026 1095 1054 1050 1096 1028 0 1074 0 0 
0 1058 1030 1001 0 0 1012 0 0 1036 1043 1061 0 1040 1026 1098 1035 0 1073 0 
1053 1054 0 1037 0 0 1032 0 1017 0 0 1097 0 1090 0 1000 0 1005 1012 1043 
1022 1072 0 0 1012 1090 0 0 1067 0 0 1035 0 0 1073 1070 0 1035 1081 0 
1030 1091 1085 0 0 0 1030 0 1048 0 1059 0 1024 0 0 1004 1045 0 1007 1004 
0 0 0 1059 0 1064 1058 1086 1005 0 1004 1014 0 1036 1008 1022 1044 0 0 1024 
1080 1095 1067 0 1002 0 0 1017 1037 0 0 0 0 1000 0 1028 0 0 0 0 
1070 1093 1024 0 1090 0 0 1097 1085 1089 1098 0 1081 0 1094 1057 1061 1066 1077 1097 
1071 0 1003 0 1070 0 1038 1096 1018 0 1097 1066 1044 1008 0 1084 0 1033 0 0 
1092 1054 0 1061 0 0 1088 1092 1092 1032 1053 1031 1047 1084 1096 1086 1073 1062 1074 1013 
0 1088 0 0 1065 1064 1024 0 1027 0 1000 1042 1009 1050 1045 0 1040 1021 0 1003 
1064 0 1085 1044 1056 0 1083 1011 1060 1047 0 1043 0 1082 0 1089 0 1004 1003 0 
0 1096 1003 1057 1075 1060 1004 0 1092 0 0 0 0 0 1000 0 0 1033 0 0 
0 1073 0 1024 0 0 1082 1054 1070 1033 1078 0 1064 0 1016 0 1037 0 1073 1071 
1070 1007 1009 1048 1019 1063 0 1038 1034 1084 1066 0 1036 1005 1057 1004 1011 1040 1049 1015 
0 0 1086 1085 0 1065 1066 1016 0 0 0 1025 1088 1037 1001 1040 1048 1047 1029 1059 
1092 0 0 1001 1074 0 1081 1082 1093 1046 1087 1039 0 1011 0 1070 0 0 1010 1013 
1078 0 1064 1025 1040 1011 1092 1072 0 1077 0 0 1057 1091 1029 0 1042 1048 1088 1041 
0 1094 0 0 0 1096 0 1035 1068 0 0 0 1004 1048 0 0 0 1013 0 1028 
0 1053 0 0 0 1088 1005 1039 1059 1098 1096 1068 0 1091 0 0 1044 1044 1081 0 
1042 1007 0 1052 0 1046 0 0 0 0 1004 1094 1037 1052 0 0 1021 1062 0 1044 
0 1006 1085 0 0 0 1076 0 1038 0 0 0 0 1076 1042 0 0 0 1000 1096 
1010 0 0 0 0 0 1055 0 0 1092 1045 1071 1015 0 0 1092 0 1036 1071 0 
0 1070 1021 0 1074 1090 1095 1047 1067 0 1063 1039 0 1036 1072 0 1039 1053 0 1018 
0 1041 0 0 0 1049 1046 1039 0 1040 1009 1047 1019 1054 1055 1077 1078 0 0 1068 
1023 1024 0 1008 1009 0 1051 1087 1093 0 0 1062 0 1025 0 1010 0 1052 0 0 
1070 1050 1025 1067 1094 0 0 1085 1073 1000 0 0 1016 1084 0 0 1093 0 1034 1088 
1080 1039 0 0 1083 1055 0 0 0 1087 1090 1045 1036 1015 1009 1066 0 1071 0 1072 
0 1001 0 1072 1064 1010 1008 1049 1027 1004 0 0 0 0 1099 0 1072 1017 1044 0 
1090 1072 1003 1060 1097 1036 0 1014 1056 0 1037 0 1011 0 0 0 0 1095 1006 0 
0 0 1026 0 0 0 1057 0 1015 1090 1099 1007 1038 1038 1029 0 1067 0 1051 0 
1053 1085 1050 1036 1057 0 1025 0 1058 0 1004 0 1014 1055 1043 0 1040 0 0 0 
1001 1086 0 0 1018 1062 1091 1009 0 0 0 1068 1038 1011 1011 0 1071 0 0 0 
0 1063 1046 1098 1073 0 0 0 1062 1020 0 0 0 1078 0 1077 1077 0 0 1085 
1040 1008 0 0 0 0 1023 1077 0 1050 1097 0 1066 0 1053 0 1093 1064 0 1057 
0 1063 1082 0 0 0 1075 1060 1060 0 1093 1028 0 1048 0 1007 1023 0 1037 1083 
1097 0 0 0 0 1017 1058 0 1059 0 1095 0 0 1049 0 1067 1046 1023 0 1049 
1022 1022 1004 0 1050 1021 0 0 1065 1003 1067 0 1067 1056 1074 0 0 1026 1071 0 
0 1088 0 0 1054 0 0 1066 1050 0 1085 0 0 0 1002 1098 1070 1059 0 1080 
1041 1098 1045 1075 1030 1060 1008 1004 1061 0 0 0 0 0 0 1036 1023 0 0 1045 
0 1027 1091 0 0 1012 1093 1050 0 0 1092 1068 1061 1057 0 1058 0 1070 1054 0 
0 0 0 0 1051 0 1063 1077 1004 1033 1043 1059 0 0 1082 0 0 1097 1076 0 
0 1000 1040 0 1000 1008 0 0 1064 0 0 0 1082 0 1068 1071 1056 0 0 1013 
1034 0 1062 1063 0 1070 1054 1028 1056 0 1093 0 0 0 0 0 1061 0 1089 1082 
0 0 1024 1006 1013 1017 1061 1012 1094 0 0 0 0 0 1067 1013 1082 1016 1005 0 
1010 1096 0 0 1091 1098 1001 0 0 0 0 0 0 0 0 1065 1026 0 0 1044 
0 1056 0 1022 0 0 1019 0 1062 1004 1034 1075 0 1050 1074 0 0 1090 0 1007 
1080 0 0 0 0 0 1051 1099 1055 1095 0 1056 0 0 1078 0 1086 1047 1099 1071 
1022 0 0 1006 0 1072 1013 1022 1074 1023 1025 1081 1047 1026 0 1093 1073 1029 1049 1015 
1039 0 1045 1076 1085 1085 1041 1041 0 0 1071 1021 0 0 1004 1075 1095 1080 0 1015 
0 0 1058 0 0 1013 0 1011 1013 0 1083 0 0 0 0 1068 1000 0 0 1009 
1098 1091 0 1056 1053 1011 1075 0 1096 1040 1014 0 1032 1078 1069 1007 1074 1057 1083 1052 
0 1006 0 1092 0 0 1033 1040 0 0 0 1025 0 1026 1067 1056 1028 1010 1004 1039 
1072 1025 0 0 1029 0 1059 1084 0 1088 0 1086 1098 1021 1056 0 1048 0 1027 1062 
1091 1082 1014 1044 1085 0 0 1080 0 1097 1059 1091 1036 0 1044 0 1077 0 1043 0 
0 0 1015 0 1013 1011 0 0 1023 0 1021 1004 0 1090 1058 0 1084 1062 1031 1088 
1034 1053 0 1043 1050 1023 0 1000 1084 0 1055 0 0 1008 0 1014 1008 0 1029 1050 
1072 0 0 1059 1050 0 1003 0 1082 0 0 1026 1072 0 1055 1071 0 0 1098 1003 
1006 1078 0 0 1078 1018 0 1064 0 0 1051 0 1097 1013 0 1017 1070 0 1004 0 
0 0 0 1001 1050 1068 1091 1024 1071 1023 1001 0 1071 0 1063 0 0 1065 0 0 
1045 1018 1085 1088 1066 0 1087 1032 0 0 0 1056 1034 0 0 0 0 0 0 1041 
0 1065 1064 1051 0 1089 1015 1050 0 0 0 0 1058 0 1066 0 1055 1050 0 1097 
1030 1066 1053 1046 0 1069 0 1064 1065 0 0 1016 0 0 1093 1069 1043 1062 1018 1001 
0 0 1028 1017 1051 0 0 1036 0 1018 1035 1013 1073 1003 1013 0 1016 1096 1042 1061 
1059 0 0 1032 1028 0 0 1069 0 0 1015 1053 0 1093 1018 0 0 0 1099 0 
0 0 1073 1064 1036 1003 1070 1068 1093 1086 1037 0 1075 1024 0 1028 0 0 0 1009 
1055 0 1061 0 1068 0 1065 0 0 0 0 1072 1062 1070 1014 1029 1063 1016 0 0 
0 1033 1014 1061 0 1066 1012 1049 0 0 1055 1072 0 1019 1015 1002 1003 0 0 0 
1081 1082 0 0 1099 1002 1076 1037 1019 1039 1009 1052 1006 0 1036 0 0 0 1015 0 
1048 1047 1019 0 0 1027 1097 1027 1042 1040 0 1082 1068 1019 1024 1000 0 1040 0 1023 
1091 0 1016 0 1078 0 1059 1066 0 1082 1048 0 0 1059 1098 1058 0 0 0 1061 
1035 0 1042 0 0 0 0 1084 1081 0 1092 1090 1050 1047 1024 1074 1019 1022 0 0 
1016 1035 1045 0 1043 0 1072 1020 0 1080 1002 1032 0 1007 0 1001 1087 1030 1041 1052 
0 0 1011 0 0 1060 0 0 1055 1086 1031 0 0 1096 1031 1045 0 1064 0 0 
1053 0 1094 1097 0 0 1027 1076 1043 1022 1091 0 0 1066 1032 1019 0 1030 0 0 
1051 1011 1075 0 1004 0 0 1056 0 1085 1075 0 1074 1069 1066 0 0 0 0 1095 
0 1037 0 0 1054 0 1091 0 1072 0 0 1004 0 0 1027 1011 1045 1007 1085 1027 
1076 0 1014 1059 1038 1056 1023 0 1029 1013 0 1056 1064 1079 0 1095 1091 1023 1066 1007 
1078 0 1074 0 0 0 0 0 0 0 1059 1021 1037 0 1081 1000 1086 1069 1041 1098 
0 1036 0 1017 1008 1027 1089 0 1048 1022 0 0 1085 1079 1051 0 0 1006 1052 1052 
0 0 1080 0 1037 1037 1083 0 1086 1006 1006 0 1059 0 1053 0 0 0 1084 1044 
0 1066 0 1084 1040 1034 0 1052 1001 1097 1072 0 1077 1081 1064 1067 0 1044 1041 1055 
1031 0 1066 0 1060 0 1075 0 0 1095 0 0 0 1099 1014 0 1098 1068 0 1099 
1073 1042 1073 0 0 1087 0 0 1082 0 0 0 1019 1028 1045 1069 1081 0 1008 1065 
1096 1017 1006 0 1082 0 1009 0 0 1021 1070 1093 1019 0 0 1047 1032 1019 1091 1003 
1067 1093 0 1020 1087 1012 1087 0 1083 1027 0 0 1033 1073 0 1079 0 1056 1080 0 
0 0 0 0 0 1014 1072 0 0 0 0 1049 0 1015 1070 0 0 0 1082 0 
0 1069 0 1054 1019 0 0 1092 0 1095 0 1079 1062 0 1086 1047 1016 0 0 0 
0 0 0 0 0 1002 1036 0 1069 0 1046 1078 1064 1036 1069 1003 1002 1064 1005 0 
0 1028 1033 0 1026 0 0 1091 0 0 0 1017 0 0 0 1029 0 1063 1094 1073 
1094 1012 1095 1036 0 1008 0 0 1042 1047 0 1016 0 1077 1070 1080 0 0 0 1000 
0 0 1007 1030 0 1031 0 1061 1046 1063 0 0 1000 1023 0 0 1000 1030 0 1078 
1032 1000 1018 1021 0 1043 1063 0 0 0 1012 1061 1084 1033 0 1063 1042 1065 1023 1093 
1072 1016 0 1069 0 0 0 0 1081 1007 1007 1035 1013 1091 0 1084 1004 0 1015 0 
0 0 1096 1067 0 1070 0 0 0 1044 1094 0 0 0 1029 1071 1048 1051 1062 0 
1051 0 1064 0 0 0 0 1013 0 0 1073 1040 0 1061 1093 1086 1054 1020 1000 1088 
0 0 1038 1007 1014 0 1005 1073 0 0 0 1087 1012 1086 0 0 1081 0 1094 1074 
0 0 0 0 1075 1056 1063 1000 0 1027 1044 0 1019 0 1096 1032 0 0 0 0 
0 1085 1090 1089 0 1014 0 0 0 0 0 1056 1039 1018 0 1095 0 1037 0 1000 
1087 0 0 1026 1032 1098 1075 0 0 0 1088 0 1093 0 0 1095 0 1057 1003 1084 
0 1061 0 1081 1099 1022 0 0 1054 1093 1070 1049 1092 1096 1051 1049 1039 1073 1009 1028 
1016 0 1077 0 0 0 1037 1099 1089 1063 0 1020 1003 1026 0 0 0 1064 1070 1087 
0 1022 0 1099 1040 1030 1031 1089 1076 0 1051 0 0 0 1090 1075 1098 0 0 1091 
0 0 0 1086 1052 1077 1011 1094 1062 1032 1071 1073 1089 1038 1050 1078 1042 0 1028 0 
1034 0 1024 1081 0 1041 1031 1092 1088 0 1067 1067 1044 0 1002 0 1056 1049 0 0 
1050 0 0 1001 1051 0 1038 1010 1027 0 1008 1091 0 0 0 0 1088 0 1063 1082 
0 1036 1014 1038 0 0 1075 1084 0 1068 1080 1073 0 1019 0 1044 1016 1047 0 0 
0 1092 1004 1090 1017 1051 1002 0 1017 1041 1070 0 0 0 1023 1096 0 1070 0 0 
1002 1031 1081 1062 1096 1020 1096 0 0 0 1026 1044 1062 1036 1073 1022 0 0 0 0 
0 1066 1011 1075 0 1016 0 0 1033 0 0 1063 0 1043 1051 1095 1013 0 1026 0 
0 1001 0 0 1090 0 1093 0 1013 1027 1005 1002 1089 1058 1074 0 1067 0 0 0 
0 0 0 0 1038 1055 0 1067 1090 0 1034 0 0 1055 1037 0 1088 0 0 1038 
0 1032 1057 1081 1090 1022 0 0 1060 1001 1036 1016 1012 1076 0 0 0 1059 0 1015 
1091 0 1014 0 1038 0 1079 1095 0 0 1002 1013 1023 1019 0 1032 1084 1016 1045 1056 
0 0 0 0 0 1037 1029 0 1048 1061 0 0 0 1028 1002 0 1060 1081 1069 1036 
1052 1079 1052 1075 0 1076 1043 0 1082 0 1019 1071 0 1065 0 1062 0 1048 1006 1028 
0 1047 1082 1005 0 1052 1096 1011 1045 1078 1099 1098 1059 1051 0 1014 1011 0 1008 1080 
0 1066 1028 1058 1036 0 1026 1072 0 0 0 1014 1022 0 0 1093 1046 0 0 1094 
1053 0 1083 1032 1085 0 1021 0 0 1021 1052 0 0 1029 0 1063 1022 0 1028 1032 
1056 1016 0 0 0 0 1061 1025 1014 1015 1021 1069 1056 0 1096 1036 1022 1040 0 1046 
1071 0 1027 0 1070 1086 1032 1077 1050 1044 0 1089 1025 1000 1041 0 0 0 0 1060 
1074 1034 0 0 1090 0 0 0 0 1006 1077 1099 0 0 1020 1091 1095 0 0 0 
1071 1037 1046 0 1022 0 1072 1080 1069 0 1039 1019 0 0 1048 1087 1091 1050 1059 1016 
0 1028 0 1088 0 1009 0 1061 1089 0 0 1061 0 1002 1033 1021 1056 0 0 0 
0 0 1076 0 1038 0 1025 0 1062 1071 1092 1005 1034 1031 1023 0 1020 1093 1028 0 
