Data of TT&C Time Windows

  Number of requirements         Number of equipments                   Scheduling horizon
                      25                           10                                           172800
Priorities of requirments:
2 9 2 4 3 3 8 8 10 6 8 3 1 4 6 1 1 4 9 1 3 10 8 10 8 
Number of laps of each requirment:
8 8 8 8 9 10 10 10 8 10 10 8 8 8 10 8 9 9 8 10 8 8 10 8 8 
setup times of each equipment:
360 360 360 360 360 360 360 360 360 360 
profits of each requirment on each equipment:
5 4 4 3 5 5 4 1 3 5 
1 3 3 1 3 5 1 5 4 1 
4 4 2 4 5 5 1 3 2 2 
4 1 4 4 4 3 5 2 5 5 
1 2 2 3 5 5 4 1 1 1 
2 3 4 3 5 4 4 4 2 1 
3 5 3 1 2 4 5 4 3 3 
2 1 4 5 5 3 1 2 5 4 
3 1 1 3 5 2 2 4 5 1 
1 4 5 2 3 3 2 3 2 1 
1 4 5 2 3 2 5 1 2 4 
1 4 3 4 4 3 3 4 3 2 
2 5 4 1 3 2 1 4 2 5 
4 5 4 2 5 2 5 4 3 2 
4 2 5 2 2 2 1 1 5 2 
2 5 2 1 2 2 3 5 5 1 
2 3 4 3 4 2 5 4 2 3 
5 2 4 5 2 2 5 2 1 4 
3 2 1 1 1 3 5 1 4 3 
2 5 5 3 1 2 2 5 3 1 
1 1 2 4 3 4 5 4 5 2 
1 4 5 2 1 5 4 5 5 3 
4 5 3 3 4 5 2 4 1 4 
3 3 2 4 3 3 3 1 3 3 
1 3 4 3 5 5 1 4 5 5 
lift or desced status of each lap of each rquirement(task):
1 1 1 1 0 0 0 0 
1 1 1 1 0 0 0 0 
0 0 0 0 1 1 1 1 
0 0 0 0 1 1 1 1 
0 0 0 0 1 1 1 1 1 
0 0 0 0 1 1 1 1 1 1 
0 0 0 0 1 1 1 1 1 1 
0 0 0 0 1 1 1 1 1 1 
1 1 1 1 0 0 0 0 
0 0 0 0 1 1 1 1 1 1 
0 0 0 0 1 1 1 1 1 1 
1 1 1 1 0 0 0 0 
0 0 0 0 1 1 1 1 
0 0 0 0 1 1 1 1 
1 1 1 1 0 0 0 0 0 0 
1 1 1 1 0 0 0 0 
0 0 0 0 1 1 1 1 1 
0 0 0 0 1 1 1 1 1 
1 1 1 1 0 0 0 0 
0 0 0 0 1 1 1 1 1 1 
1 1 1 1 0 0 0 0 
0 0 0 0 1 1 1 1 
0 0 0 0 1 1 1 1 1 1 
0 0 0 0 1 1 1 1 
0 0 0 0 1 1 1 1 
out status of each lap of each rquirement(task):
1 1 1 1 0 0 0 0 
1 1 1 1 0 0 0 0 
0 0 0 1 1 1 1 1 
1 1 1 1 0 0 0 0 
0 0 0 0 1 1 1 1 1 
1 1 1 1 0 0 0 0 0 0 
1 1 1 1 0 0 0 0 0 0 
0 0 0 0 0 1 1 1 1 1 
1 1 1 1 0 0 0 0 
0 0 0 0 0 1 1 1 1 1 
0 0 0 0 0 1 1 1 1 1 
1 1 1 1 0 0 0 0 
0 0 0 1 1 1 1 1 
0 0 0 1 1 1 1 1 
0 0 0 0 0 1 1 1 1 1 
0 0 0 1 1 1 1 1 
0 0 0 0 1 1 1 1 1 
1 1 1 1 0 0 0 0 0 
0 0 0 1 1 1 1 1 
1 1 1 1 0 0 0 0 0 0 
0 0 0 1 1 1 1 1 
0 0 0 1 1 1 1 1 
1 1 1 1 0 0 0 0 0 0 
0 0 0 1 1 1 1 1 
1 1 1 1 0 0 0 0 
in status of each lap of each rquirement(task):
0 0 0 1 1 1 1 1 
0 0 0 1 1 1 1 1 
1 1 1 1 0 0 0 0 
0 0 0 1 1 1 1 1 
1 1 1 1 0 0 0 0 0 
0 0 0 0 0 1 1 1 1 1 
0 0 0 0 0 1 1 1 1 1 
1 1 1 1 0 0 0 0 0 0 
0 0 0 1 1 1 1 1 
1 1 1 1 0 0 0 0 0 0 
1 1 1 1 0 0 0 0 0 0 
0 0 0 1 1 1 1 1 
1 1 1 1 0 0 0 0 
1 1 1 1 0 0 0 0 
1 1 1 1 0 0 0 0 0 0 
1 1 1 1 0 0 0 0 
1 1 1 1 0 0 0 0 0 
0 0 0 0 1 1 1 1 1 
1 1 1 1 0 0 0 0 
0 0 0 0 0 1 1 1 1 1 
1 1 1 1 0 0 0 0 
1 1 1 1 0 0 0 0 
0 0 0 0 0 1 1 1 1 1 
1 1 1 1 0 0 0 0 
0 0 0 1 1 1 1 1 
beginning time of each lap of each rquirement(task):
32959 38359 43759 49159 54559 59959 65359 70759 
10877 16277 21677 27077 32477 37877 43277 48677 
19964 25364 30764 36164 41564 46964 52364 57764 
23886 29286 34686 40086 45486 50886 56286 61686 
36060 41460 46860 52260 57660 63060 68460 73860 79260 
16436 21836 27236 32636 38036 43436 48836 54236 59636 65036 
18899 24299 29699 35099 40499 45899 51299 56699 62099 67499 
63425 68825 74225 79625 85025 90425 95825 101225 106625 112025 
32584 37984 43384 48784 54184 59584 64984 70384 
3696 9096 14496 19896 25296 30696 36096 41496 46896 52296 
10680 16080 21480 26880 32280 37680 43080 48480 53880 59280 
31667 37067 42467 47867 53267 58667 64067 69467 
26011 31411 36811 42211 47611 53011 58411 63811 
7846 13246 18646 24046 29446 34846 40246 45646 
19718 25118 30518 35918 41318 46718 52118 57518 62918 68318 
33372 38772 44172 49572 54972 60372 65772 71172 
39144 44544 49944 55344 60744 66144 71544 76944 82344 
34089 39489 44889 50289 55689 61089 66489 71889 77289 
12138 17538 22938 28338 33738 39138 44538 49938 
55900 61300 66700 72100 77500 82900 88300 93700 99100 104500 
2836 8236 13636 19036 24436 29836 35236 40636 
1776 7176 12576 17976 23376 28776 34176 39576 
18511 23911 29311 34711 40111 45511 50911 56311 61711 67111 
29810 35210 40610 46010 51410 56810 62210 67610 
14229 19629 25029 30429 35829 41229 46629 52029 
finish time of each lap of each rquirement(task):
38359 43759 49159 54559 59959 65359 70759 76159 
16277 21677 27077 32477 37877 43277 48677 54077 
25364 30764 36164 41564 46964 52364 57764 63164 
29286 34686 40086 45486 50886 56286 61686 67086 
41460 46860 52260 57660 63060 68460 73860 79260 84660 
21836 27236 32636 38036 43436 48836 54236 59636 65036 70436 
24299 29699 35099 40499 45899 51299 56699 62099 67499 72899 
68825 74225 79625 85025 90425 95825 101225 106625 112025 117425 
37984 43384 48784 54184 59584 64984 70384 75784 
9096 14496 19896 25296 30696 36096 41496 46896 52296 57696 
16080 21480 26880 32280 37680 43080 48480 53880 59280 64680 
37067 42467 47867 53267 58667 64067 69467 74867 
31411 36811 42211 47611 53011 58411 63811 69211 
13246 18646 24046 29446 34846 40246 45646 51046 
25118 30518 35918 41318 46718 52118 57518 62918 68318 73718 
38772 44172 49572 54972 60372 65772 71172 76572 
44544 49944 55344 60744 66144 71544 76944 82344 87744 
39489 44889 50289 55689 61089 66489 71889 77289 82689 
17538 22938 28338 33738 39138 44538 49938 55338 
61300 66700 72100 77500 82900 88300 93700 99100 104500 109900 
8236 13636 19036 24436 29836 35236 40636 46036 
7176 12576 17976 23376 28776 34176 39576 44976 
23911 29311 34711 40111 45511 50911 56311 61711 67111 72511 
35210 40610 46010 51410 56810 62210 67610 73010 
19629 25029 30429 35829 41229 46629 52029 57429 
the status that whether each lap of each rquirement(task) perfomed by each equipment: 
1 1 1 1 1 1 0 1 1 0 
1 0 1 0 1 1 1 1 1 1 
0 1 0 1 0 1 0 1 0 1 
1 0 1 0 1 0 1 1 1 1 
0 1 0 1 0 1 1 1 1 0 
0 0 1 0 0 1 0 1 1 0 
1 1 0 0 0 1 0 1 0 0 
1 1 1 0 1 0 1 1 1 1 
1 1 0 1 1 0 1 0 0 1 
1 0 0 0 1 0 1 1 0 1 
1 0 1 1 0 1 1 1 0 1 
1 0 1 0 1 1 1 0 1 0 
1 1 1 1 0 0 1 0 1 1 
1 0 0 1 1 1 0 1 1 1 
0 1 1 1 1 0 1 1 1 1 
1 1 1 1 1 1 1 0 1 1 
1 1 0 0 1 0 1 1 0 1 
0 1 0 1 1 0 1 1 1 0 
1 1 0 1 1 1 1 1 1 1 
0 1 1 1 1 0 1 1 0 1 
0 0 1 1 1 1 1 1 1 1 
0 1 0 0 0 1 1 1 1 0 
1 1 1 1 0 1 1 0 1 0 
1 1 1 1 1 1 0 1 0 1 
1 0 0 0 1 1 1 1 1 1 
1 1 1 1 0 1 1 1 1 1 
1 1 1 1 0 1 1 0 0 1 
1 1 1 0 0 1 0 1 0 1 
0 0 1 1 0 0 0 1 1 1 
1 1 1 0 1 1 0 1 0 0 
1 1 0 0 1 1 1 0 0 1 
0 1 0 0 1 1 0 1 1 1 
1 0 1 1 0 0 0 0 1 1 
1 1 1 0 1 1 1 1 1 0 
1 0 1 0 0 0 1 1 0 0 
1 1 1 0 1 0 1 1 1 0 
0 1 0 0 1 1 1 0 1 1 
1 1 1 1 1 0 1 0 0 0 
1 1 1 1 1 0 1 1 1 1 
1 1 1 0 1 1 0 1 1 1 
0 1 1 0 0 1 1 0 1 1 
0 1 0 1 1 1 1 1 1 0 
1 1 1 0 0 1 1 1 1 1 
1 0 1 1 0 1 1 1 0 0 
0 0 0 1 0 0 1 1 1 1 
1 0 0 1 1 1 1 0 1 1 
1 1 0 1 0 1 1 0 1 0 
1 0 1 1 1 1 0 1 0 1 
1 1 0 0 1 1 0 1 1 1 
1 1 1 1 1 0 0 0 1 0 
1 0 1 1 0 1 1 1 1 0 
1 1 1 1 0 1 1 0 1 1 
0 1 1 1 1 1 1 1 1 1 
1 0 0 0 0 1 0 1 1 1 
0 0 1 0 0 1 1 0 1 1 
1 1 1 0 0 1 1 1 1 1 
1 1 0 0 0 1 1 1 0 1 
0 0 1 1 0 1 1 1 0 1 
0 0 1 1 1 1 0 1 1 1 
0 0 1 1 0 1 0 1 0 1 
0 1 1 1 1 0 1 1 1 0 
1 1 0 1 0 1 1 1 1 1 
1 1 1 1 0 0 1 1 1 0 
1 0 1 1 1 1 1 1 0 1 
1 1 0 0 0 1 1 0 1 1 
1 1 1 1 1 0 0 1 0 0 
0 0 1 1 1 1 1 0 0 1 
1 1 1 1 1 1 1 0 0 0 
1 1 1 0 0 1 1 0 0 0 
1 0 1 0 1 1 1 1 1 1 
1 1 0 0 1 0 1 1 1 1 
1 1 0 1 1 0 1 0 1 1 
0 0 0 1 0 0 1 0 0 0 
1 1 1 1 1 0 1 1 1 0 
1 1 1 1 1 0 1 0 0 1 
1 0 0 0 1 1 0 1 1 1 
0 1 1 1 0 1 1 0 1 1 
1 1 1 1 0 0 0 0 1 1 
0 0 1 1 1 0 1 0 1 1 
1 1 0 1 0 0 1 0 0 1 
1 1 1 1 1 1 1 1 1 0 
1 1 1 1 0 1 1 0 0 1 
1 0 1 0 0 0 1 0 0 0 
1 1 1 1 1 1 0 0 1 1 
1 1 0 0 0 0 0 0 0 1 
1 1 0 1 0 1 1 1 0 0 
1 0 0 1 0 1 0 1 0 0 
0 0 0 1 0 1 1 1 0 0 
1 1 0 0 0 0 1 0 1 1 
1 0 0 1 0 1 0 1 0 1 
1 0 0 1 1 1 0 0 1 1 
0 1 0 1 1 1 0 1 0 1 
1 1 0 0 0 0 1 1 0 1 
1 1 0 0 0 0 0 1 0 1 
1 0 0 1 0 0 0 0 1 1 
1 0 0 1 1 0 1 1 1 0 
0 1 1 1 1 1 0 0 1 1 
0 1 1 1 1 1 1 0 1 0 
1 1 0 1 1 1 1 1 0 1 
0 1 0 0 1 1 1 1 0 1 
1 1 1 1 1 1 1 1 1 1 
1 1 1 1 1 1 1 1 0 0 
1 1 0 0 0 0 0 0 1 1 
0 1 1 1 0 0 1 1 0 1 
0 1 0 1 0 0 0 1 0 1 
1 0 0 1 0 1 1 1 1 1 
1 1 1 0 0 1 1 1 0 1 
1 1 1 1 0 0 1 1 1 1 
1 1 1 1 1 1 1 1 1 1 
0 1 0 1 1 1 0 1 1 1 
0 1 0 0 1 0 1 1 1 1 
1 0 1 0 0 0 1 1 0 1 
1 1 0 0 1 0 0 1 0 1 
1 0 1 1 0 0 1 1 1 1 
1 1 1 0 1 1 0 1 1 1 
1 1 0 1 1 1 1 1 0 1 
1 1 0 1 0 1 1 1 1 1 
0 0 0 1 1 0 1 0 1 0 
0 1 0 1 1 0 1 0 1 0 
0 1 0 0 1 1 1 0 1 1 
1 0 1 0 0 0 1 1 0 1 
1 0 1 0 1 1 1 0 0 1 
1 1 1 1 0 0 0 0 0 1 
1 0 1 0 0 1 1 0 1 1 
1 0 1 0 0 1 0 0 0 1 
1 0 1 0 1 1 1 1 1 0 
0 1 0 1 0 1 0 1 0 1 
1 1 0 0 1 0 0 0 0 0 
0 0 0 0 1 1 1 0 0 1 
1 1 1 1 0 0 0 1 1 0 
0 0 1 0 1 0 0 0 1 0 
0 0 1 0 0 0 1 1 1 0 
1 0 0 1 1 1 1 1 1 0 
0 1 1 1 1 0 0 1 0 1 
1 1 1 0 1 0 1 1 1 1 
0 0 0 0 1 0 1 0 1 0 
1 1 0 1 0 1 1 0 1 0 
1 0 1 0 1 1 1 0 1 1 
1 1 1 1 1 0 1 1 1 0 
1 0 1 0 0 0 0 0 1 1 
1 0 0 0 0 0 0 0 1 0 
1 1 1 0 1 0 0 1 0 1 
1 1 0 1 0 1 1 1 0 1 
1 1 0 0 1 0 1 1 0 1 
1 1 1 0 0 0 1 0 0 1 
1 0 1 1 1 1 1 0 1 0 
1 0 1 0 0 0 0 1 0 0 
1 1 1 0 1 1 0 1 1 1 
1 0 1 0 0 1 1 0 1 1 
0 1 1 1 1 1 0 0 1 1 
0 1 1 0 1 1 0 1 1 0 
1 1 1 0 1 0 0 1 1 1 
1 0 0 0 0 1 1 1 0 1 
1 0 1 0 0 1 0 1 1 0 
0 1 1 1 1 1 1 1 0 1 
0 1 0 0 0 0 1 0 1 1 
1 0 0 1 0 0 0 1 0 1 
1 1 0 1 0 0 0 0 1 0 
0 0 1 1 0 0 1 0 1 0 
1 1 1 1 0 0 0 0 1 1 
1 0 1 0 1 1 1 0 1 0 
1 1 1 0 1 1 0 1 0 1 
1 1 0 1 1 0 1 1 1 1 
1 1 0 1 1 1 0 1 0 0 
1 1 0 0 1 0 1 0 1 0 
1 1 1 0 0 1 0 1 0 1 
0 1 1 1 1 1 1 1 1 1 
1 0 1 0 0 1 1 0 0 0 
1 1 1 0 0 1 1 1 0 1 
1 1 0 0 0 1 0 1 0 1 
1 1 1 1 0 1 0 0 1 1 
1 1 1 0 1 1 1 0 1 1 
1 1 1 1 1 0 0 0 1 1 
1 1 0 0 1 1 0 0 1 1 
1 0 1 1 1 1 1 1 0 1 
1 0 0 1 1 1 1 1 1 1 
1 1 0 1 0 1 0 1 1 0 
1 1 1 0 0 0 0 1 0 1 
1 0 0 1 1 1 0 1 1 1 
1 0 1 1 1 1 0 1 1 0 
1 1 1 1 0 0 1 1 1 1 
1 1 0 0 1 1 0 0 1 1 
0 0 1 1 1 0 1 1 1 0 
1 1 1 1 0 1 0 1 0 1 
1 1 0 1 0 0 1 1 1 0 
0 1 0 0 1 1 0 1 1 1 
1 0 1 1 1 1 1 1 1 0 
1 1 1 1 1 0 0 0 0 1 
1 1 0 1 1 0 0 1 1 1 
1 1 1 0 1 1 1 0 1 1 
0 0 1 1 1 0 0 1 0 0 
0 1 1 0 1 1 1 1 1 1 
1 1 0 1 0 1 1 1 1 1 
1 0 1 0 1 1 1 1 1 1 
1 1 0 0 1 0 1 0 0 1 
0 0 0 1 0 0 1 1 0 1 
0 0 1 1 1 0 1 1 1 1 
1 1 0 1 0 1 1 1 1 0 
1 1 1 0 1 1 1 1 1 1 
0 1 1 1 1 1 1 1 1 1 
1 1 1 1 0 0 0 1 1 1 
1 1 0 0 0 0 1 0 1 1 
0 1 0 0 1 0 0 1 0 1 
0 1 0 0 0 1 0 1 1 0 
1 1 0 1 1 0 1 1 0 0 
0 1 1 0 0 1 1 1 1 0 
0 0 0 1 0 0 1 0 0 1 
0 0 1 0 1 1 1 1 1 0 
0 0 1 0 0 1 0 1 1 1 
0 0 0 1 1 1 1 1 1 1 
1 1 0 0 1 0 1 0 1 1 
1 1 0 0 1 1 0 1 0 1 
0 0 1 1 1 0 0 1 0 0 
1 1 0 0 1 1 1 1 0 1 
0 1 1 1 0 0 0 1 1 1 
0 1 1 1 0 1 1 0 1 0 
0 1 1 0 1 0 1 1 0 1 
1 1 1 0 1 1 1 1 0 1 
0 1 0 1 1 0 1 1 1 1 
the beginning time each lap of each rquirement(task) perfomed by each equipment: 
37120 33972 36438 36022 33465 37088 0 34762 35271 0 
40051 0 38526 0 39379 39710 41267 41252 42385 40950 
0 45130 0 47843 0 45686 0 48233 0 44462 
51386 0 51889 0 51499 0 52624 50206 52474 52922 
0 56928 0 57923 0 55140 55485 57620 54943 0 
0 0 60533 0 0 63222 0 63517 63934 0 
68458 67227 0 0 0 67956 0 69716 0 0 
73756 74054 74882 0 73590 0 71712 71648 73088 72188 
12879 13464 0 14786 12944 0 15166 0 0 13701 
19565 0 0 0 18701 0 17681 20613 0 18503 
25091 0 25341 21777 0 25190 24536 24050 0 23285 
27875 0 27967 0 28343 28257 28086 0 29581 0 
33539 32605 35714 32709 0 0 33865 0 35629 36660 
42156 0 0 40849 40985 40412 0 41601 40293 42134 
0 47711 44326 46557 45695 0 45731 47306 45467 43529 
50861 52165 49880 48784 52309 52991 50085 0 52523 51218 
20404 20253 0 0 21499 0 21871 23745 0 20646 
0 29284 0 26191 28310 0 29453 25567 25507 0 
31827 34134 0 33156 31507 32712 32439 31882 32129 34853 
0 37832 38313 40558 36938 0 38708 39242 0 38751 
0 0 42403 46041 41873 41788 44641 45704 43647 42432 
0 46979 0 0 0 47963 49546 48935 47287 0 
55926 55516 53583 55999 0 56427 53996 0 56768 0 
57988 58274 59690 59188 59318 57985 0 62135 0 60075 
25188 0 0 0 25146 26845 23954 28292 24696 25784 
30225 30766 30244 30474 0 31062 30141 33442 31267 29528 
36871 36596 38267 38816 0 38722 38977 0 0 36915 
40342 44219 41601 0 0 43538 0 44260 0 44390 
0 0 47575 46137 0 0 0 46742 46524 49586 
51027 53523 52491 0 53780 53174 0 54370 0 0 
60650 60186 0 0 57436 60386 60658 0 0 56370 
0 61923 0 0 65071 65378 0 65491 64726 63510 
38878 0 38991 37611 0 0 0 0 39083 38376 
45572 45415 43271 0 42760 42356 45795 42588 44796 0 
50250 0 49384 0 0 0 49293 48738 0 0 
56557 56067 54769 0 53785 0 54836 54914 54023 0 
0 60879 0 0 61759 59818 59150 0 60549 60964 
65216 64730 63942 67338 65447 0 63838 0 0 0 
70220 70761 71771 71375 70149 0 70611 68617 69939 72623 
75240 75361 74108 0 75945 77868 0 76527 74601 74272 
0 81672 80795 0 0 82492 82458 0 80893 83161 
0 16775 0 20371 17013 17645 17550 19143 17180 0 
22671 25579 25173 0 0 22532 23581 24751 25267 25813 
28700 0 28750 28339 0 29170 30243 30226 0 0 
0 0 0 34032 0 0 32730 35796 33768 33723 
40055 0 0 38477 39202 40767 41539 0 39308 40291 
45774 44082 0 46799 0 47730 44897 0 45257 0 
53022 0 52060 51907 50439 52467 0 50225 0 52975 
55850 57493 0 0 58252 54629 0 54498 57866 56688 
64041 60179 62403 60279 63600 0 0 0 60690 0 
66708 0 65834 68157 0 67907 68965 69055 68562 0 
19349 23298 23057 23059 0 21357 20972 0 20611 19466 
0 28168 25762 28335 28606 25218 27145 26720 25183 25797 
31273 0 0 0 0 30740 0 33518 33122 32246 
0 0 37324 0 0 37742 37726 0 39048 37617 
43288 42054 41143 0 0 43952 41542 42277 44175 42803 
47336 50313 0 0 0 48380 49911 46747 0 49929 
0 0 55416 54696 0 52848 55465 52300 0 52080 
0 0 57207 57552 57163 57516 0 59661 59921 58643 
0 0 62973 64133 0 66531 0 65902 0 65928 
0 69268 68522 67874 68070 0 68513 69067 71509 0 
66643 63732 0 66758 0 64240 65771 66943 63664 67508 
72030 71649 72538 69627 0 0 72321 69478 69749 0 
74692 0 75877 77768 78002 76244 74463 77696 0 75501 
80275 80244 0 0 0 80644 83410 0 83753 79857 
87775 88599 86555 87756 87963 0 0 88536 0 0 
0 0 90983 94481 93758 93651 94896 0 0 94162 
99606 96392 96304 99480 96345 96550 99764 0 0 0 
102332 102378 104032 0 0 104707 102307 0 0 0 
107526 0 107745 0 110451 110517 110431 108936 106951 107806 
112168 113529 0 0 113039 0 114120 112335 112618 114908 
35914 33749 0 34729 36124 0 35540 0 36231 34437 
0 0 0 39134 0 0 40409 0 0 0 
46844 46238 44736 44973 47348 0 46264 47547 45936 0 
49636 50090 52532 49321 49602 0 50432 0 0 50293 
57960 0 0 0 54422 54560 0 55312 55827 57776 
0 60421 61856 62590 0 61623 60848 0 62714 60027 
66982 66525 67993 68842 0 0 0 0 69157 67506 
0 0 71911 73006 74720 0 73369 0 72622 72566 
6736 6456 0 6411 0 0 7217 0 0 4788 
9824 12930 11359 10522 9460 13211 10454 9627 12790 0 
17627 18806 16822 15193 0 17266 18352 0 0 16362 
23421 0 20607 0 0 0 20019 0 0 0 
28075 25657 25998 25446 28005 27752 0 0 26597 28916 
33726 33521 0 0 0 0 0 0 0 33375 
38364 40411 0 37464 0 40472 37597 37847 0 0 
42787 0 0 42404 0 43068 0 43791 0 0 
0 0 0 47549 0 51339 51209 50143 0 0 
55046 53362 0 0 0 0 52841 0 55123 56608 
12861 0 0 14951 0 14927 0 11264 0 12612 
17510 0 0 19756 19595 20110 0 0 17940 18581 
0 25174 0 21652 23495 23003 0 25247 0 22735 
27115 27753 0 0 0 0 27673 29630 0 29149 
33413 35675 0 0 0 0 0 32625 0 35251 
41388 0 0 39450 0 0 0 0 40424 38385 
45226 0 0 43839 43885 0 43818 44740 45634 0 
0 48666 49617 51656 49478 52232 0 0 50300 49997 
0 55321 54259 55760 55284 56585 54427 0 57203 0 
59348 59938 0 59852 59829 61723 59461 61903 0 62404 
0 33366 0 0 34960 36115 31780 32333 0 34539 
39613 38375 41553 41086 39388 40362 37100 38690 38246 38098 
44225 46495 46102 44372 46462 45349 45376 42978 0 0 
51364 51462 0 0 0 0 0 0 50256 48764 
0 56242 54689 57414 0 0 53496 57126 0 57471 
0 61835 0 61166 0 0 0 60782 0 61676 
68087 0 0 66020 0 67912 65874 64841 66647 65791 
70963 70071 70072 0 0 70792 71229 73055 0 72641 
29226 27626 27622 27169 0 0 29446 27134 27105 28387 
31807 32558 32079 31768 35087 34412 32157 33088 32285 33588 
0 40270 0 39733 38981 39478 0 40479 41096 39383 
0 42511 0 0 44948 0 42822 46072 44815 46017 
48836 0 47979 0 0 0 48677 51958 0 51620 
53821 55425 0 0 53212 0 0 56017 0 54734 
62409 0 62734 58643 0 0 60434 60749 59620 60485 
64480 68080 67755 0 63997 67891 0 64004 65983 64360 
10863 10985 0 8754 8738 10812 10474 8320 0 8794 
17388 14335 0 17635 0 13668 13377 13503 17387 15098 
0 0 0 19464 19419 0 20508 0 21340 0 
0 27969 0 26029 27211 0 27316 0 27660 0 
0 31434 0 0 33152 33707 30489 0 31849 33854 
36010 0 37997 0 0 0 34847 38406 0 35094 
43799 0 41042 0 40637 42056 44552 0 0 41558 
49305 49557 47971 49468 0 0 0 0 0 47304 
19883 0 22453 0 0 23565 21909 0 21650 24198 
28436 0 28725 0 0 27080 0 0 0 29554 
31011 0 34379 0 31370 31429 30875 34600 31324 0 
0 36101 0 38373 0 39940 0 38245 0 38370 
42233 42327 0 0 45517 0 0 0 0 0 
0 0 0 0 48533 48303 47917 0 0 50017 
56286 54785 52534 53627 0 0 0 53455 52903 0 
0 0 58579 0 58303 0 0 0 60468 0 
0 0 63263 0 0 0 64059 63879 63666 0 
72345 0 0 70959 70059 71203 70387 69331 71818 0 
0 35307 37092 33841 36766 0 0 34717 0 36586 
40864 42427 39977 0 39614 0 42204 41870 42824 40235 
0 0 0 0 44868 0 48076 0 44581 0 
50301 51181 0 53281 0 49778 49787 0 51333 0 
55167 0 57017 0 55415 58099 55338 0 57556 56109 
64045 63025 64721 63504 64601 0 61699 60667 61603 0 
68133 0 68303 0 0 0 0 0 69900 68634 
74802 0 0 0 0 0 0 0 71609 0 
40433 39875 43537 0 39791 0 0 43225 0 40085 
48629 45857 0 45814 0 47240 46655 45056 0 45983 
54195 50262 0 0 50723 0 52384 52984 0 54095 
58901 59629 59524 0 0 0 57858 0 0 56040 
62995 0 63672 63591 63574 64901 60857 0 63194 0 
67935 0 68148 0 0 0 0 68053 0 0 
74331 74800 72915 0 74376 74171 0 71559 74061 74949 
79357 0 78785 0 0 79602 77018 0 80006 81090 
0 86185 83719 84262 83232 84525 0 0 84042 83228 
0 35434 35597 0 35237 35091 0 34529 38299 0 
41633 40956 42509 0 40497 0 0 41776 40496 42554 
48335 0 0 0 0 46588 48143 48814 0 45553 
53665 0 52834 0 0 52782 0 53603 52709 0 
0 59513 57978 57177 58577 56983 58860 57052 0 60061 
0 64373 0 0 0 0 63161 0 63370 63673 
68847 0 0 68355 0 0 0 67582 0 69875 
73226 74757 0 73082 0 0 0 0 73926 0 
0 0 77888 80579 0 0 78576 0 78205 0 
15472 16136 15758 14865 0 0 0 0 16136 15802 
20174 0 21183 0 18024 18413 20770 0 19983 0 
25957 25483 26476 0 24780 27247 0 23697 0 26307 
31648 32706 0 31332 29296 0 29493 32670 30034 28942 
36683 37199 0 36035 35298 34019 0 38126 0 0 
42213 39512 0 0 41632 0 41286 0 39572 0 
48541 44796 46784 0 0 48494 0 48311 0 48795 
0 51084 52276 52968 52728 50805 53875 51887 50958 50269 
55962 0 57775 0 0 59283 59277 0 0 0 
64047 63431 61985 0 0 65405 63336 62315 0 62505 
67251 71042 0 0 0 68765 0 70759 0 68420 
72564 72975 74714 73319 0 75801 0 0 75331 75288 
81646 81190 79048 0 79554 78555 79254 0 81355 79558 
86063 86626 83898 85786 84910 0 0 0 86049 86720 
91112 89493 0 0 89174 90120 0 0 89248 89375 
95341 0 94614 93856 96289 95068 94833 97689 0 97070 
100028 0 0 101175 99319 99975 101994 102783 102221 103416 
108475 106266 0 107346 0 108700 0 105720 105398 0 
4665 4993 3214 0 0 0 0 3667 0 6566 
10975 0 0 10263 8957 9159 0 8332 8931 8563 
14108 0 16651 15444 14407 18107 0 15717 14943 0 
21424 19517 22073 20125 0 0 19911 19863 23013 19783 
24682 26434 0 0 27295 25102 0 0 27664 27731 
0 0 32694 33631 33274 0 31831 32742 33700 0 
37088 36161 37603 38313 0 39298 0 37475 0 36842 
40732 44503 0 42473 0 0 42686 45026 40774 0 
0 4194 0 0 4497 2111 0 3992 3668 4493 
10278 0 9419 10844 8615 9279 7466 8892 7443 0 
15719 14879 13588 13282 16407 0 0 0 0 13839 
21038 21267 0 22218 20698 0 0 21586 21062 21170 
27829 25318 24536 0 26987 26553 24270 0 26005 27685 
0 0 29190 33161 32905 0 0 33196 0 0 
0 36230 36147 0 34800 34327 38182 36317 36602 34226 
42777 43412 0 43379 0 43106 40129 40242 41428 42105 
18574 0 20326 0 19379 18927 19346 19805 22619 20267 
28153 27837 0 0 27762 0 24908 0 0 24669 
0 0 0 32104 0 0 31202 30277 0 33205 
0 0 37039 37425 34757 0 38158 38212 36969 35703 
42671 41750 0 42321 0 44324 40382 40457 42565 0 
46640 46969 47555 0 47150 47468 46058 46760 48520 46771 
0 55059 53483 51002 52024 55170 53131 53741 53065 52970 
59664 56973 58488 56577 0 0 0 60691 59614 58141 
62100 62421 0 0 0 0 64033 0 62153 61762 
0 70276 0 0 67961 0 0 68026 0 68773 
0 31339 0 0 0 29889 0 31440 32974 0 
39294 37072 0 38153 38573 0 35560 39181 0 0 
0 43522 43315 0 0 42961 43768 44861 43339 0 
0 0 0 46210 0 0 50509 0 0 50057 
0 0 51675 0 53852 53128 53985 52256 55861 0 
0 0 57997 0 0 59281 0 60486 57077 58253 
0 0 0 66019 65025 63862 65087 62839 63660 64364 
70092 69815 0 0 70885 0 71966 0 71039 68681 
17802 18018 0 0 18165 16131 0 16966 0 14713 
0 0 22306 22441 20227 0 0 23633 0 0 
27339 26080 0 0 28274 25485 28963 26660 0 25539 
0 32841 32378 34079 0 0 0 34602 32612 33873 
0 37597 36578 40028 0 36963 38928 0 37646 0 
0 42029 44013 0 45341 0 42415 45483 0 41335 
47001 50391 47255 0 48625 49070 47233 50125 0 51096 
0 56335 0 52239 55121 0 53870 55703 54098 55310 
the finish time each lap of each rquirement(task) perfomed by each equipment: 
37656 34464 36741 36378 33864 37610 0 35177 35915 0 
40706 0 38990 0 40214 40587 41779 41847 42832 41750 
0 45450 0 48344 0 46398 0 48930 0 45340 
51918 0 52555 0 52281 0 53143 50862 52853 53373 
0 57701 0 58436 0 55778 55854 58127 55301 0 
0 0 61335 0 0 63624 0 64207 64573 0 
68762 67529 0 0 0 68604 0 70144 0 0 
74629 74760 75405 0 73922 0 72101 72444 73514 73003 
13507 14032 0 15399 13604 0 15983 0 0 14483 
20261 0 0 0 19321 0 18507 21431 0 19322 
25832 0 26231 22267 0 25715 25072 24673 0 23809 
28288 0 28595 0 28676 28950 28693 0 30205 0 
33963 33472 36455 33090 0 0 34439 0 36153 37503 
42590 0 0 41708 41445 41062 0 42022 40647 42977 
0 48229 44935 47016 46156 0 46491 47676 45979 44097 
51274 52968 50191 49658 52818 53591 50776 0 53259 51607 
21265 21016 0 0 22307 0 22540 24359 0 20999 
0 29612 0 26681 29034 0 30088 26019 26400 0 
32241 34828 0 33664 32342 33029 33013 32766 32484 35716 
0 38416 38820 41009 37727 0 39533 39830 0 39386 
0 0 42889 46460 42337 42653 45403 46047 44176 43027 
0 47698 0 0 0 48561 50186 49303 47662 0 
56772 56053 54006 56590 0 56727 54566 0 57278 0 
58718 58662 60506 59608 59818 58651 0 62664 0 60675 
26060 0 0 0 25919 27400 24490 28783 25238 26611 
30684 31637 30682 31153 0 31917 30845 33871 31640 29891 
37761 36952 39060 39391 0 39211 39701 0 0 37583 
40733 45066 42429 0 0 44097 0 44976 0 44904 
0 0 48446 46909 0 0 0 47377 47207 50469 
51768 54358 53268 0 54247 53833 0 54781 0 0 
61326 60520 0 0 58325 61060 61516 0 0 57185 
0 62481 0 0 65948 65735 0 66142 65108 63843 
39537 0 39789 38509 0 0 0 0 39394 38828 
46314 46154 43761 0 43144 43249 46654 43472 45395 0 
50614 0 50084 0 0 0 49602 49593 0 0 
57408 56746 55347 0 54506 0 55310 55289 54642 0 
0 61699 0 0 62402 60389 59747 0 61062 61697 
65663 65492 64443 67708 65747 0 64722 0 0 0 
70798 71355 72134 71845 70891 0 71321 69175 70830 73105 
75782 75665 74888 0 76462 78504 0 76846 74999 74903 
0 82415 81596 0 0 83238 83336 0 81310 83773 
0 17299 0 21247 17398 18162 18162 19478 17853 0 
23537 26187 26045 0 0 23196 24469 25487 25735 26567 
29394 0 29366 28817 0 29797 30778 31020 0 0 
0 0 0 34739 0 0 33442 36328 34098 34168 
40902 0 0 39261 39762 41440 42228 0 40102 40836 
46094 44625 0 47102 0 48215 45427 0 45747 0 
53731 0 52758 52377 51256 52820 0 50578 0 53770 
56481 57830 0 0 58824 55080 0 55109 58765 57294 
64659 60665 63288 60690 64355 0 0 0 61266 0 
67263 0 66413 69016 0 68671 69777 69514 69327 0 
19972 23830 23622 23495 0 21810 21456 0 21230 20286 
0 28900 26112 29030 29208 25625 27786 27438 25726 26369 
31852 0 0 0 0 31300 0 33879 33873 32872 
0 0 37823 0 0 38280 38195 0 39810 38062 
43998 42647 41457 0 0 44341 42255 42871 44958 43653 
47991 51092 0 0 0 48947 50529 47438 0 50570 
0 0 55767 55292 0 53369 55890 53114 0 52679 
0 0 58059 57920 57810 57829 0 60357 60698 59302 
0 0 63373 64981 0 67078 0 66707 0 66605 
0 69918 68970 68302 68938 0 69031 69442 71858 0 
67201 64407 0 67288 0 64926 66666 67505 64353 67888 
72398 72513 73151 70201 0 0 73094 70166 70291 0 
75348 0 76453 78168 78528 77077 75035 78359 0 76249 
80640 80656 0 0 0 81193 84291 0 84556 80539 
88394 89365 86931 88644 88689 0 0 89196 0 0 
0 0 91465 95211 94527 94526 95542 0 0 95035 
100438 97244 97099 100266 97095 97036 100105 0 0 0 
102737 102841 104869 0 0 105422 102994 0 0 0 
108332 0 108607 0 110859 111189 111128 109301 107485 108540 
112936 113880 0 0 113662 0 114712 113233 113450 115422 
36701 34341 0 35240 36928 0 36029 0 36735 35138 
0 0 0 39866 0 0 40774 0 0 0 
47191 46751 45558 45581 48115 0 46830 48204 46535 0 
50490 50918 53381 49916 50335 0 51315 0 0 50994 
58736 0 0 0 54860 55227 0 55882 56329 58366 
0 60852 62414 63073 0 61991 61277 0 63408 60842 
67494 67397 68514 69696 0 0 0 0 69566 68352 
0 0 72778 73520 75455 0 74059 0 73081 73284 
7398 7123 0 7264 0 0 7917 0 0 5269 
10363 13330 12103 11102 9989 13788 11025 9981 13110 0 
18066 19287 17166 15966 0 17607 19179 0 0 16930 
23882 0 21458 0 0 0 20433 0 0 0 
28690 26254 26762 26240 28485 28184 0 0 27303 29583 
34132 33974 0 0 0 0 0 0 0 33845 
38992 41057 0 38317 0 40952 38220 38745 0 0 
43660 0 0 42761 0 43730 0 44118 0 0 
0 0 0 48264 0 52006 52006 50863 0 0 
55758 53913 0 0 0 0 53399 0 55828 57252 
13190 0 0 15339 0 15620 0 12086 0 13094 
18286 0 0 20148 20459 20474 0 0 18523 18891 
0 25478 0 22414 24392 23453 0 26145 0 23603 
27463 28201 0 0 0 0 28557 30131 0 29876 
34105 36491 0 0 0 0 0 33093 0 35779 
42068 0 0 39839 0 0 0 0 41038 38935 
45996 0 0 44725 44592 0 44554 45063 46036 0 
0 49206 49917 52241 50224 53083 0 0 51124 50547 
0 55752 54974 56173 55883 57442 55039 0 57842 0 
59946 60466 0 60709 60364 62340 60300 62721 0 63061 
0 34023 0 0 35828 36621 32249 32760 0 34869 
40070 39145 41987 41478 40063 41089 37582 39009 38781 38562 
44608 46846 46527 45035 47147 45983 45984 43442 0 0 
51769 52021 0 0 0 0 0 0 50705 49128 
0 56664 55506 57753 0 0 54144 58023 0 57869 
0 62316 0 61793 0 0 0 61138 0 62381 
68722 0 0 66470 0 68249 66378 65646 67342 66587 
71569 70669 70398 0 0 71376 71734 73497 0 73193 
30036 27944 28359 27713 0 0 30082 27711 27431 29107 
32283 32923 32824 32149 35625 35054 32770 33406 32643 33909 
0 40816 0 40254 39709 40208 0 40779 41463 40101 
0 42926 0 0 45558 0 43137 46849 45597 46881 
49202 0 48411 0 0 0 49552 52652 0 52066 
54168 55789 0 0 53691 0 0 56467 0 55096 
63124 0 63393 59531 0 0 61230 61429 60081 61309 
65224 68756 68400 0 64339 68210 0 64418 66630 64908 
11223 11387 0 9308 9159 11351 10895 8626 0 9373 
18010 14930 0 18362 0 14558 13820 14129 18007 15621 
0 0 0 20280 20071 0 20965 0 21726 0 
0 28502 0 26637 27908 0 28156 0 28006 0 
0 31747 0 0 33988 34133 31128 0 32598 34468 
36441 0 38479 0 0 0 35191 39237 0 35412 
44123 0 41785 0 41438 42798 44924 0 0 42371 
50070 50034 48646 50246 0 0 0 0 0 48181 
20269 0 23043 0 0 24003 22608 0 22388 24701 
28910 0 29470 0 0 27758 0 0 0 29998 
31371 0 35219 0 31733 32196 31585 35090 32149 0 
0 36793 0 39037 0 40763 0 38706 0 38680 
42987 42922 0 0 46013 0 0 0 0 0 
0 0 0 0 49152 48721 48371 0 0 50910 
56801 55573 53129 54402 0 0 0 54107 53794 0 
0 0 59005 0 58695 0 0 0 61005 0 
0 0 64006 0 0 0 64505 64482 64137 0 
72675 0 0 71423 70494 71634 71277 69805 72139 0 
0 35626 37726 34541 37425 0 0 35205 0 37162 
41754 42786 40330 0 39990 0 42896 42746 43139 40675 
0 0 0 0 45737 0 48382 0 45168 0 
50912 51746 0 53662 0 50430 50281 0 51756 0 
55725 0 57523 0 56164 58727 55803 0 58067 56508 
64667 63721 65027 64318 65046 0 62465 61566 62483 0 
68666 0 69108 0 0 0 0 0 70780 69411 
75192 0 0 0 0 0 0 0 72250 0 
40949 40546 43844 0 40338 0 0 44123 0 40729 
49153 46440 0 46260 0 48031 47403 45863 0 46564 
54727 50898 0 0 51456 0 53120 53415 0 54629 
59441 60074 60001 0 0 0 58316 0 0 56496 
63561 0 64163 63948 64127 65724 61413 0 63543 0 
68428 0 69016 0 0 0 0 68717 0 0 
74705 75147 73485 0 74936 75035 0 72159 74366 75664 
79739 0 79247 0 0 80010 77590 0 80350 81922 
0 86970 84512 84760 84127 85005 0 0 84823 83720 
0 35986 36462 0 35780 35867 0 34837 39186 0 
42267 41499 43059 0 41206 0 0 42395 40908 43227 
48904 0 0 0 0 47394 48534 49126 0 46213 
54394 0 53662 0 0 53169 0 54359 53555 0 
0 60138 58651 57795 58990 57466 59580 57392 0 60462 
0 64951 0 0 0 0 64024 0 63958 64503 
69303 0 0 68711 0 0 0 68477 0 70188 
74032 75371 0 73745 0 0 0 0 74382 0 
0 0 78671 81320 0 0 79425 0 78651 0 
15971 16885 16085 15746 0 0 0 0 16814 16697 
20542 0 22002 0 18622 19229 21285 0 20651 0 
26733 26074 27076 0 25506 28083 0 24204 0 26682 
32335 33118 0 31903 29783 0 30008 33319 30839 29838 
37059 38029 0 36354 35643 34451 0 38857 0 0 
42574 39987 0 0 42531 0 41658 0 39885 0 
49385 45262 47087 0 0 49299 0 48884 0 49512 
0 51830 53041 53420 53525 51503 54369 52706 51329 50778 
56834 0 58558 0 0 60058 59782 0 0 0 
64872 63761 62515 0 0 66223 64128 62988 0 62934 
67563 71821 0 0 0 69516 0 71358 0 68954 
73453 73439 75165 73980 0 76402 0 0 75666 75656 
81957 81943 79657 0 80361 79072 79933 0 81882 79878 
86392 87158 84257 86600 85626 0 0 0 86941 87556 
91630 90046 0 0 89765 90426 0 0 89668 89959 
96024 0 95369 94534 96694 95788 95526 98208 0 97581 
100742 0 0 102040 99900 100616 102437 103412 102616 104107 
109345 106589 0 108002 0 109038 0 106389 105734 0 
5432 5509 3923 0 0 0 0 4401 0 7059 
11508 0 0 10763 9448 9828 0 8873 9804 9066 
14923 0 17491 16161 14817 18704 0 16122 15449 0 
21931 20218 22664 20904 0 0 20633 20681 23620 20339 
25298 26820 0 0 27646 25891 0 0 28017 28452 
0 0 33310 34259 33603 0 32252 33212 34588 0 
37388 36954 38394 38711 0 40094 0 38117 0 37689 
41140 45118 0 43270 0 0 43437 45379 41100 0 
0 4913 0 0 4858 2465 0 4575 4086 5155 
10654 0 10215 11675 9215 9626 8164 9707 8156 0 
16304 15586 14044 13636 17008 0 0 0 0 14588 
21396 21591 0 22971 21515 0 0 22026 21513 22011 
28617 25765 25205 0 27336 27018 25081 0 26477 28260 
0 0 29611 33846 33282 0 0 33982 0 0 
0 36671 36776 0 35334 35207 38730 36851 37055 34791 
43615 43841 0 44246 0 43483 40904 40888 42282 42859 
19340 0 20862 0 19701 19639 20172 20665 23283 20907 
28805 28574 0 0 28188 0 25310 0 0 25199 
0 0 0 32898 0 0 31587 31039 0 34043 
0 0 37541 37809 35400 0 38580 39060 37703 36574 
43049 42379 0 42888 0 45188 40942 41082 43201 0 
47242 47492 48069 0 48004 47802 46770 47522 48879 47588 
0 55394 53924 51612 52531 55922 53701 54410 53690 53702 
60321 57539 58827 57369 0 0 0 61567 60449 58796 
62929 63308 0 0 0 0 64402 0 62549 62604 
0 70649 0 0 68375 0 0 68666 0 69198 
0 32041 0 0 0 30576 0 32242 33548 0 
40161 37562 0 38577 39016 0 36308 40074 0 0 
0 44341 44098 0 0 43812 44566 45275 43685 0 
0 0 0 46593 0 0 51221 0 0 50780 
0 0 52557 0 54742 53581 54438 53001 56616 0 
0 0 58627 0 0 59736 0 60859 57737 58865 
0 0 0 66623 65744 64410 65762 63467 64520 64867 
70406 70573 0 0 71404 0 72735 0 71499 69257 
18399 18881 0 0 18551 16852 0 17286 0 15063 
0 0 23177 23041 20559 0 0 24107 0 0 
28005 26930 0 0 29071 25918 29427 27004 0 26026 
0 33574 32921 34917 0 0 0 35375 33361 34301 
0 38274 37349 40408 0 37665 39322 0 38073 0 
0 42758 44397 0 45882 0 42771 46096 0 41906 
47851 50805 47935 0 48931 49794 48096 50626 0 51436 
0 56916 0 52744 55930 0 54468 56414 54500 55702 
the elevation angle  each lap of each rquirement(task) perfomed by each equipment: 
10 12 12 10 13 12 0 13 12 0 
11 0 11 0 12 10 13 10 14 13 
0 10 0 14 0 13 0 10 0 10 
12 0 14 0 10 0 10 10 13 14 
0 12 0 13 0 12 13 10 11 0 
0 0 13 0 0 11 0 13 11 0 
12 10 0 0 0 13 0 14 0 0 
13 10 12 0 10 0 14 10 10 14 
12 11 0 13 14 0 14 0 0 13 
14 0 0 0 13 0 12 11 0 12 
13 0 13 10 0 11 13 12 0 13 
10 0 13 0 10 11 10 0 12 0 
13 11 10 10 0 0 10 0 13 13 
12 0 0 11 12 12 0 13 11 14 
0 14 10 12 13 0 10 13 13 11 
13 11 10 11 11 13 10 0 14 13 
11 11 0 0 11 0 13 10 0 14 
0 12 0 13 12 0 13 11 11 0 
13 14 0 12 14 13 12 14 11 10 
0 10 13 13 12 0 12 14 0 10 
0 0 10 13 10 12 12 11 14 11 
0 10 0 0 0 13 13 12 12 0 
10 14 13 12 0 14 13 0 11 0 
12 11 12 11 14 14 0 13 0 10 
13 0 0 0 12 10 14 10 13 10 
14 14 11 11 0 10 10 13 12 14 
10 11 13 12 0 14 10 0 0 13 
13 12 10 0 0 12 0 11 0 14 
0 0 10 13 0 0 0 12 12 14 
10 14 12 0 14 13 0 14 0 0 
12 14 0 0 14 12 14 0 0 12 
0 11 0 0 11 14 0 13 13 11 
11 0 13 10 0 0 0 0 10 14 
14 12 13 0 11 12 14 10 12 0 
14 0 14 0 0 0 13 14 0 0 
11 12 12 0 14 0 14 10 12 0 
0 12 0 0 12 12 14 0 11 13 
11 10 14 14 13 0 10 0 0 0 
13 13 11 13 11 0 13 13 12 10 
13 14 10 0 10 14 0 12 10 11 
0 13 11 0 0 11 10 0 12 14 
0 12 0 10 14 11 10 13 14 0 
14 10 10 0 0 10 10 13 13 10 
11 0 12 12 0 11 12 13 0 0 
0 0 0 11 0 0 12 12 11 14 
11 0 0 12 12 13 12 0 14 11 
12 12 0 13 0 11 12 0 14 0 
11 0 10 12 13 14 0 10 0 14 
13 12 0 0 11 11 0 12 11 13 
10 10 14 13 10 0 0 0 13 0 
11 0 12 13 0 14 11 13 12 0 
12 10 13 14 0 11 12 0 13 14 
0 11 13 10 13 14 10 13 13 13 
11 0 0 0 0 14 0 11 13 12 
0 0 11 0 0 14 14 0 11 10 
14 14 11 0 0 11 12 11 12 14 
10 12 0 0 0 10 14 12 0 13 
0 0 14 10 0 13 10 13 0 14 
0 0 11 13 14 14 0 12 10 11 
0 0 11 10 0 11 0 13 0 11 
0 13 13 11 12 0 14 10 10 0 
12 14 0 13 0 10 14 14 14 14 
13 12 13 14 0 0 13 10 14 0 
14 0 12 14 14 11 13 13 0 14 
13 12 0 0 0 10 10 0 14 14 
12 13 10 11 10 0 0 13 0 0 
0 0 11 14 11 11 12 0 0 10 
12 13 13 11 14 12 14 0 0 0 
12 10 11 0 0 14 11 0 0 0 
12 0 10 0 14 10 10 12 13 11 
12 14 0 0 13 0 13 12 14 12 
12 12 0 12 14 0 10 0 14 12 
0 0 0 11 0 0 10 0 0 0 
10 11 11 12 13 0 11 10 11 0 
14 10 13 10 10 0 14 0 0 12 
12 0 0 0 12 14 0 10 11 10 
0 11 14 10 0 11 14 0 10 11 
13 14 14 13 0 0 0 0 13 13 
0 0 10 14 14 0 11 0 10 11 
13 14 0 13 0 0 10 0 0 10 
10 13 12 14 14 12 12 11 13 0 
11 10 10 12 0 11 13 0 0 12 
14 0 10 0 0 0 13 0 0 0 
12 14 10 10 10 10 0 0 10 14 
11 13 0 0 0 0 0 0 0 11 
11 11 0 12 0 12 14 14 0 0 
13 0 0 11 0 11 0 10 0 0 
0 0 0 14 0 10 10 13 0 0 
10 13 0 0 0 0 14 0 12 14 
14 0 0 13 0 11 0 12 0 14 
11 0 0 14 11 11 0 0 11 10 
0 10 0 13 14 10 0 11 0 10 
13 14 0 0 0 0 14 12 0 10 
13 11 0 0 0 0 0 12 0 13 
13 0 0 10 0 0 0 0 13 11 
10 0 0 10 10 0 13 13 14 0 
0 14 11 13 11 13 0 0 12 11 
0 13 11 10 11 10 12 0 13 0 
13 10 0 14 11 12 10 12 0 13 
0 10 0 0 12 10 11 14 0 14 
14 12 10 12 10 10 13 13 10 13 
12 10 11 10 10 10 10 12 0 0 
13 13 0 0 0 0 0 0 14 13 
0 14 12 14 0 0 14 12 0 10 
0 10 0 11 0 0 0 14 0 10 
11 0 0 10 0 11 12 12 13 12 
13 11 10 0 0 10 14 11 0 10 
11 11 13 12 0 0 14 13 10 10 
12 14 13 13 13 10 12 10 12 10 
0 11 0 11 12 11 0 13 11 13 
0 10 0 0 13 0 14 10 14 11 
13 0 11 0 0 0 13 10 0 10 
14 14 0 0 13 0 0 11 0 14 
14 0 11 13 0 0 13 14 13 11 
11 11 14 0 11 11 0 14 11 10 
10 10 0 14 12 11 10 13 0 13 
14 12 0 14 0 11 10 13 14 14 
0 0 0 10 10 0 10 0 11 0 
0 11 0 10 13 0 12 0 12 0 
0 11 0 0 10 12 11 0 11 11 
13 0 12 0 0 0 14 12 0 13 
12 0 11 0 14 12 14 0 0 12 
10 10 11 10 0 0 0 0 0 12 
14 0 14 0 0 14 11 0 10 14 
13 0 14 0 0 11 0 0 0 10 
11 0 10 0 10 14 12 14 14 0 
0 11 0 13 0 14 0 13 0 10 
10 12 0 0 14 0 0 0 0 0 
0 0 0 0 13 11 14 0 0 11 
10 14 10 12 0 0 0 14 10 0 
0 0 13 0 12 0 0 0 13 0 
0 0 12 0 0 0 11 12 11 0 
13 0 0 13 13 10 10 13 13 0 
0 14 13 11 10 0 0 11 0 10 
13 13 11 0 11 0 12 14 11 10 
0 0 0 0 10 0 13 0 12 0 
11 12 0 12 0 11 12 0 10 0 
13 0 12 0 13 11 10 0 11 12 
12 14 14 12 10 0 14 14 10 0 
12 0 12 0 0 0 0 0 11 10 
12 0 0 0 0 0 0 0 14 0 
12 11 13 0 10 0 0 12 0 14 
10 11 0 10 0 11 10 13 0 12 
11 10 0 0 14 0 11 14 0 12 
11 11 13 0 0 0 13 0 0 11 
14 0 13 12 14 12 11 0 11 0 
11 0 11 0 0 0 0 13 0 0 
11 10 10 0 10 11 0 13 13 11 
11 0 10 0 0 10 14 0 12 14 
0 12 12 11 14 13 0 0 13 14 
0 11 14 0 11 14 0 14 13 0 
10 12 13 0 13 0 0 12 14 11 
10 0 0 0 0 14 14 10 0 13 
11 0 10 0 0 10 0 11 14 0 
0 12 13 14 11 11 12 13 0 12 
0 10 0 0 0 0 11 0 14 11 
13 0 0 13 0 0 0 10 0 12 
11 12 0 11 0 0 0 0 13 0 
0 0 14 11 0 0 10 0 13 0 
10 11 12 10 0 0 0 0 14 14 
14 0 10 0 13 10 14 0 10 0 
11 12 12 0 11 14 0 10 0 11 
14 14 0 12 12 0 11 12 11 12 
13 10 0 12 13 12 0 12 0 0 
14 13 0 0 11 0 14 0 10 0 
10 12 12 0 0 10 0 12 0 13 
0 13 14 14 11 14 14 10 11 13 
14 0 14 0 0 13 12 0 0 0 
13 10 12 0 0 14 12 13 0 14 
14 10 0 0 0 13 0 11 0 10 
13 12 13 11 0 10 0 0 12 11 
14 13 10 0 14 11 11 0 12 10 
11 10 12 12 10 0 0 0 11 12 
13 11 0 0 10 13 0 0 14 13 
14 0 14 10 11 13 10 13 0 12 
13 0 0 14 14 13 11 10 12 14 
11 11 0 11 0 12 0 13 13 0 
10 11 10 0 0 0 0 12 0 12 
10 0 0 14 14 14 0 14 13 10 
10 0 11 10 12 13 0 10 12 0 
10 10 11 10 0 0 10 14 12 13 
13 11 0 0 12 10 0 0 11 13 
0 0 11 14 11 0 11 13 10 0 
12 11 14 12 0 12 0 13 0 10 
12 14 0 12 0 0 13 13 13 0 
0 10 0 0 14 12 0 10 11 11 
10 0 12 13 14 14 10 14 14 0 
13 10 13 10 13 0 0 0 0 11 
13 14 0 11 13 0 0 11 14 12 
11 12 12 0 11 12 13 0 11 10 
0 0 11 13 12 0 0 12 0 0 
0 12 10 0 12 11 10 13 11 10 
12 13 0 14 0 11 13 13 12 13 
10 0 14 0 11 11 13 11 12 13 
12 12 0 0 11 0 13 0 0 13 
0 0 0 11 0 0 10 13 0 13 
0 0 11 12 11 0 10 10 12 12 
14 14 0 13 0 14 13 12 14 0 
14 11 13 0 14 10 13 14 14 11 
0 10 10 13 11 12 13 14 11 13 
13 14 14 11 0 0 0 11 14 12 
10 10 0 0 0 0 11 0 14 12 
0 14 0 0 11 0 0 13 0 12 
0 12 0 0 0 14 0 12 13 0 
12 10 0 10 14 0 11 14 0 0 
0 10 11 0 0 10 14 13 11 0 
0 0 0 12 0 0 13 0 0 10 
0 0 11 0 12 14 12 12 11 0 
0 0 10 0 0 12 0 14 11 11 
0 0 0 11 12 10 11 11 11 11 
10 12 0 0 11 0 10 0 10 13 
12 14 0 0 13 12 0 14 0 14 
0 0 12 10 10 0 0 13 0 0 
12 10 0 0 12 11 12 13 0 13 
0 13 11 12 0 0 0 12 13 13 
0 10 13 13 0 11 12 0 14 0 
0 12 10 0 11 0 11 12 0 12 
11 12 12 0 13 14 10 11 0 10 
0 14 0 10 13 0 13 13 12 12 
最小跟踪时长约束: 
1067 1048 1003 1067 1015 1015 0 1030 1033 0 
1076 0 1003 0 1012 1003 1041 1007 1014 1004 
0 1027 0 1083 0 1092 0 1061 0 1033 
1058 0 1003 0 1080 0 1048 1058 1085 1026 
0 1054 0 1039 0 1015 1043 1052 1023 0 
0 0 1007 0 0 1096 0 1023 1056 0 
1031 1004 0 0 0 1088 0 1042 0 0 
1070 1072 1046 0 1091 0 1018 1051 1039 1048 
1069 1070 0 1074 1054 0 1012 0 0 1087 
1076 0 0 0 1009 0 1097 1044 0 1018 
1039 0 1068 1034 0 1070 1084 1088 0 1083 
1031 0 1005 0 1026 1033 1038 0 1090 0 
1091 1064 1019 1029 0 0 1098 0 1034 1088 
1071 0 0 1004 1072 1072 0 1033 1083 1059 
0 1083 1096 1080 1073 0 1049 1072 1013 1054 
1012 1087 1075 1098 1054 1088 1032 0 1031 1051 
1006 1015 0 0 1015 0 1046 1047 0 1094 
0 1024 0 1050 1013 0 1076 1055 1020 0 
1019 1040 0 1054 1060 1003 1007 1048 1096 1051 
0 1050 1065 1043 1029 0 1062 1051 0 1089 
0 0 1027 1011 1000 1018 1031 1082 1061 1074 
0 1003 0 0 0 1094 1014 1076 1045 0 
1029 1079 1030 1065 0 1088 1010 0 1039 0 
1027 1084 1010 1066 1042 1059 0 1020 0 1099 
1057 0 0 0 1042 1048 1067 1034 1076 1022 
1012 1016 1032 1077 0 1005 1049 1038 1080 1059 
1083 1039 1007 1005 0 1014 1081 0 0 1092 
1094 1039 1053 0 0 1067 0 1024 0 1080 
0 0 1068 1091 0 0 0 1027 1055 1076 
1074 1034 1087 0 1092 1070 0 1041 0 0 
1021 1037 0 0 1072 1063 1096 0 0 1010 
0 1054 0 0 1030 1087 0 1014 1036 1010 
1074 0 1057 1048 0 0 0 0 1002 1059 
1080 1067 1057 0 1090 1057 1065 1079 1028 0 
1055 0 1044 0 0 0 1098 1024 0 0 
1033 1036 1056 0 1022 0 1065 1030 1070 0 
0 1052 0 0 1083 1051 1030 0 1098 1062 
1038 1060 1082 1098 1046 0 1022 0 0 0 
1048 1071 1021 1046 1094 0 1019 1024 1048 1051 
1002 1080 1056 0 1045 1029 0 1064 1013 1004 
0 1088 1099 0 0 1095 1085 0 1071 1044 
0 1007 0 1099 1024 1049 1000 1065 1010 0 
1006 1012 1049 0 0 1029 1018 1027 1043 1028 
1094 0 1070 1048 0 1007 1004 1096 0 0 
0 0 0 1076 0 0 1087 1085 1045 1062 
1006 0 0 1099 1005 1028 1043 0 1058 1012 
1087 1038 0 1077 0 1061 1051 0 1040 0 
1003 0 1040 1046 1086 1079 0 1059 0 1013 
1046 1028 0 0 1084 1020 0 1025 1009 1097 
1039 1066 1084 1092 1040 0 0 0 1088 0 
1086 0 1089 1004 0 1084 1099 1041 1032 0 
1041 1069 1004 1025 0 1056 1098 0 1051 1035 
0 1009 1061 1058 1077 1043 1094 1007 1046 1076 
1059 0 0 0 0 1096 0 1053 1040 1097 
0 0 1065 0 0 1023 1032 0 1055 1094 
1001 1088 1031 0 0 1032 1088 1006 1039 1041 
1034 1037 0 0 0 1039 1060 1061 0 1000 
0 0 1091 1069 0 1070 1045 1016 0 1095 
0 0 1050 1080 1054 1016 0 1063 1064 1016 
0 0 1085 1074 0 1003 0 1099 0 1022 
0 1000 1073 1072 1058 0 1051 1031 1069 0 
1011 1022 0 1081 0 1058 1025 1043 1054 1036 
1056 1020 1054 1037 0 0 1043 1068 1089 0 
1061 0 1078 1008 1010 1085 1080 1038 0 1034 
1054 1033 0 0 0 1076 1034 0 1024 1006 
1095 1022 1016 1011 1093 0 0 1003 0 0 
0 0 1010 1043 1046 1003 1095 0 0 1074 
1084 1028 1086 1055 1013 1055 1022 0 0 0 
1021 1024 1098 0 0 1099 1085 0 0 0 
1001 0 1019 0 1020 1080 1001 1015 1077 1029 
1074 1077 0 0 1036 0 1092 1012 1095 1001 
1020 1013 0 1075 1005 0 1004 0 1080 1002 
0 0 0 1080 0 0 1076 0 0 0 
1076 1026 1011 1078 1071 0 1032 1076 1072 0 
1061 1088 1037 1071 1007 0 1011 0 0 1005 
1030 0 0 0 1052 1062 0 1056 1067 1006 
0 1069 1057 1068 0 1064 1067 0 1074 1050 
1023 1092 1085 1058 0 0 0 0 1030 1018 
0 0 1073 1005 1078 0 1096 0 1050 1062 
1097 1068 0 1080 0 0 1005 0 0 1055 
1032 1004 1011 1003 1075 1074 1067 1032 1018 0 
1091 1075 1099 1037 0 1046 1039 0 0 1018 
1070 0 1025 0 0 0 1060 0 0 0 
1053 1079 1056 1081 1060 1058 0 0 1046 1043 
1062 1019 0 0 0 0 0 0 0 1026 
1039 1068 0 1037 0 1056 1052 1081 0 0 
1014 0 0 1088 0 1053 0 1037 0 0 
0 0 0 1084 0 1003 1064 1063 0 0 
1078 1065 0 0 0 0 1023 0 1071 1016 
1042 0 0 1047 0 1071 0 1022 0 1079 
1043 0 0 1002 1003 1040 0 0 1010 1023 
0 1000 0 1091 1020 1063 0 1034 0 1064 
1006 1053 0 0 0 0 1042 1003 0 1040 
1033 1056 0 0 0 0 0 1013 0 1039 
1043 0 0 1082 0 0 0 0 1050 1079 
1045 0 0 1030 1030 0 1095 1092 1061 0 
0 1064 1018 1075 1025 1059 0 0 1072 1092 
0 1037 1027 1053 1083 1079 1047 0 1069 0 
1060 1087 0 1091 1001 1028 1042 1024 0 1041 
0 1007 0 0 1042 1087 1039 1065 0 1092 
1070 1083 1095 1037 1001 1091 1051 1041 1021 1004 
1058 1085 1022 1098 1068 1012 1014 1072 0 0 
1025 1077 0 0 0 0 0 0 1027 1068 
0 1055 1099 1029 0 0 1018 1068 0 1012 
0 1030 0 1094 0 0 0 1085 0 1002 
1066 0 0 1099 0 1008 1031 1051 1073 1062 
1016 1060 1059 0 0 1087 1068 1031 0 1010 
1054 1054 1093 1060 0 0 1080 1004 1061 1024 
1009 1029 1009 1061 1081 1082 1072 1057 1088 1036 
0 1002 0 1072 1035 1017 0 1046 1061 1069 
0 1092 0 0 1097 0 1064 1062 1006 1084 
1029 0 1070 0 0 0 1007 1032 0 1080 
1037 1060 0 0 1003 0 0 1018 0 1082 
1086 0 1026 1099 0 0 1014 1070 1076 1035 
1083 1091 1054 0 1006 1060 0 1069 1085 1047 
1091 1099 0 1008 1088 1068 1087 1043 0 1024 
1039 1092 0 1098 0 1057 1017 1037 1042 1017 
0 0 0 1059 1072 0 1032 0 1003 0 
0 1048 0 1066 1076 0 1089 0 1008 0 
0 1009 0 0 1081 1076 1080 0 1030 1006 
1010 0 1044 0 0 0 1079 1020 0 1003 
1011 0 1064 0 1009 1051 1013 0 0 1010 
1076 1087 1055 1091 0 0 0 0 0 1098 
1014 0 1087 0 0 1073 1065 0 1018 1006 
1021 0 1070 0 0 1039 0 0 0 1098 
1083 0 1033 0 1035 1067 1035 1015 1054 0 
0 1040 0 1026 0 1083 0 1024 0 1070 
1087 1017 0 0 1061 0 0 0 0 0 
0 0 0 0 1009 1079 1011 0 0 1073 
1096 1079 1031 1060 0 0 0 1006 1088 0 
0 0 1083 0 1027 0 0 0 1056 0 
0 0 1087 0 0 0 1031 1028 1077 0 
1022 0 0 1008 1038 1071 1094 1089 1045 0 
0 1052 1015 1095 1008 0 0 1001 0 1041 
1045 1023 1066 0 1097 0 1025 1095 1030 1087 
0 0 0 0 1068 0 1060 0 1021 0 
1032 1031 0 1027 0 1015 1011 0 1035 0 
1057 0 1006 0 1016 1058 1086 0 1054 1042 
1008 1032 1048 1034 1013 0 1082 1077 1042 0 
1063 0 1069 0 0 0 0 0 1020 1046 
1098 0 0 0 0 0 0 0 1038 0 
1059 1068 1074 0 1014 0 0 1062 0 1071 
1037 1082 0 1037 0 1011 1026 1017 0 1032 
1039 1025 0 0 1050 0 1059 1047 0 1088 
1094 1086 1091 0 0 0 1041 0 0 1087 
1077 0 1007 1057 1018 1072 1024 0 1000 0 
1030 0 1063 0 0 0 0 1043 0 0 
1018 1077 1056 0 1052 1021 0 1031 1065 1002 
1084 0 1024 0 0 1067 1078 0 1068 1011 
0 1003 1081 1080 1097 1092 0 0 1073 1075 
0 1062 1093 0 1046 1037 0 1046 1013 0 
1009 1081 1034 0 1032 0 0 1062 1001 1094 
1056 0 0 0 0 1039 1019 1090 0 1008 
1064 0 1060 0 0 1052 0 1020 1004 0 
0 1066 1057 1085 1076 1042 1097 1017 0 1018 
0 1026 0 0 0 0 1064 0 1098 1077 
1091 0 0 1090 0 0 0 1031 0 1067 
1015 1095 0 1036 0 0 0 0 1043 0 
0 0 1066 1068 0 0 1012 0 1008 0 
1086 1017 1096 1077 0 0 0 0 1043 1063 
1025 0 1071 0 1084 1079 1077 0 1032 0 
1032 1079 1042 0 1045 1064 0 1081 0 1071 
1043 1009 0 1074 1075 0 1005 1092 1025 1091 
1069 1056 0 1060 1067 1087 0 1067 0 0 
1069 1064 0 0 1018 0 1053 0 1009 0 
1013 1014 1042 0 0 1082 0 1099 0 1049 
0 1011 1047 1005 1023 1039 1048 1008 1087 1013 
1013 0 1056 0 0 1083 1092 0 0 0 
1079 1019 1019 0 0 1018 1021 1026 0 1020 
1090 1053 0 0 0 1064 0 1029 0 1054 
1071 1073 1017 1012 0 1073 0 0 1020 1024 
1079 1064 1045 0 1070 1092 1069 0 1014 1055 
1037 1016 1078 1045 1081 0 0 0 1021 1026 
1011 1069 0 0 1060 1055 0 0 1032 1039 
1011 0 1089 1023 1042 1049 1027 1080 0 1085 
1069 0 0 1011 1019 1003 1018 1023 1083 1014 
1062 1004 0 1054 0 1007 0 1078 1077 0 
1015 1078 1088 0 0 0 0 1059 0 1020 
1061 0 0 1076 1084 1029 0 1082 1027 1078 
1040 0 1080 1070 1054 1051 0 1007 1061 0 
1096 1031 1089 1019 0 0 1001 1046 1087 1044 
1006 1060 0 0 1092 1056 0 0 1046 1033 
0 0 1018 1056 1047 0 1062 1086 1090 0 
1001 1068 1042 1026 0 1048 0 1089 0 1042 
1082 1031 0 1030 0 0 1008 1046 1040 0 
0 1089 0 0 1043 1037 0 1098 1024 1073 
1046 0 1060 1045 1031 1026 1008 1087 1094 0 
1044 1061 1077 1000 1018 0 0 0 0 1057 
1022 1029 0 1076 1093 0 0 1040 1098 1095 
1028 1029 1073 0 1028 1086 1051 0 1078 1028 
0 0 1094 1095 1026 0 0 1070 0 0 
0 1051 1017 0 1066 1023 1016 1049 1018 1077 
1081 1045 0 1002 0 1063 1032 1045 1069 1080 
1055 0 1067 0 1057 1070 1043 1044 1074 1054 
1090 1079 0 0 1006 0 1009 0 0 1034 
0 0 0 1057 0 0 1084 1092 0 1006 
0 0 1012 1039 1075 0 1049 1040 1054 1086 
1003 1006 0 1022 0 1086 1098 1007 1011 0 
1019 1050 1040 0 1098 1098 1004 1088 1034 1008 
0 1085 1027 1078 1055 1089 1084 1071 1097 1034 
1034 1031 1099 1079 0 0 0 1094 1017 1012 
1000 1068 0 0 0 0 1030 0 1006 1059 
0 1094 0 0 1090 0 0 1080 0 1008 
0 1097 0 0 0 1039 0 1057 1066 0 
1019 1063 0 1019 1050 0 1057 1016 0 0 
0 1063 1091 0 0 1074 1033 1009 1086 0 
0 0 0 1019 0 0 1026 0 0 1003 
0 0 1010 0 1064 1080 1035 1023 1071 0 
0 0 1062 0 0 1000 0 1044 1040 1096 
0 0 0 1060 1071 1073 1062 1015 1077 1014 
1059 1087 0 0 1073 0 1088 0 1042 1021 
1001 1065 0 0 1068 1059 0 1058 0 1003 
0 0 1076 1050 1039 0 0 1051 0 0 
1000 1010 0 0 1001 1087 1064 1068 0 1013 
0 1028 1099 1058 0 0 0 1090 1036 1056 
0 1001 1081 1098 0 1039 1019 0 1023 0 
0 1043 1049 0 1040 0 1010 1019 0 1026 
1052 1026 1087 0 1072 1065 1025 1069 0 1019 
0 1097 0 1004 1089 0 1079 1032 1084 1025 
最小跟踪时长约束: 
7 1 0 7 3 1 0 7 5 0 
9 0 4 0 7 6 1 7 8 7 
0 7 0 5 0 3 0 9 0 8 
2 0 2 0 0 0 5 3 4 1 
0 6 0 3 0 1 5 6 3 0 
0 0 6 0 0 0 0 1 8 0 
4 5 0 0 0 3 0 6 0 0 
3 4 0 0 3 0 3 3 6 9 
2 4 0 8 4 0 5 0 0 4 
2 0 0 0 4 0 9 1 0 6 
1 0 5 9 0 8 5 8 0 2 
4 0 9 0 0 9 8 0 0 0 
7 1 2 9 0 0 6 0 1 6 
3 0 0 9 5 3 0 9 8 9 
0 6 3 2 3 0 1 5 3 7 
5 6 0 3 9 5 9 0 4 9 
0 8 0 0 9 0 6 7 0 8 
0 9 0 7 4 0 3 5 3 0 
2 0 0 4 5 5 6 3 3 2 
0 4 9 3 5 0 7 7 0 3 
0 0 1 2 8 5 3 9 6 1 
0 6 0 0 0 0 5 7 9 0 
5 5 5 1 0 8 7 0 3 0 
4 8 7 3 9 0 0 7 0 4 
3 0 0 0 8 1 2 6 3 2 
0 9 5 7 0 7 2 9 9 7 
6 1 1 9 0 3 2 0 0 6 
6 9 1 0 0 9 0 5 0 1 
0 0 7 3 0 0 0 0 1 2 
5 6 3 0 8 6 0 0 0 0 
9 3 0 0 8 4 0 0 0 3 
0 1 0 0 1 6 0 8 2 7 
7 0 9 1 0 0 0 0 6 2 
7 4 7 0 5 0 6 8 0 0 
6 0 8 0 0 0 9 2 0 0 
1 2 5 0 4 0 3 2 3 0 
0 0 0 0 2 5 7 0 7 5 
1 4 0 4 0 0 6 0 0 0 
4 5 6 8 5 0 4 4 3 9 
4 6 0 0 0 7 0 2 3 4 
0 3 1 0 0 4 3 0 5 6 
0 9 0 1 8 2 8 5 0 0 
9 5 5 0 0 2 3 6 2 8 
2 0 7 4 0 6 2 0 0 0 
0 0 0 6 0 0 9 6 9 5 
6 0 0 8 7 0 5 0 0 2 
9 9 0 0 0 5 1 0 5 0 
8 0 2 2 7 4 0 6 0 8 
8 5 0 0 8 0 0 5 8 4 
5 3 8 3 0 0 0 0 1 0 
3 0 3 1 0 4 3 7 2 0 
1 7 8 1 0 9 7 0 5 2 
0 0 2 2 6 4 7 3 5 6 
6 0 0 0 0 3 0 6 9 1 
0 0 3 0 0 1 2 0 0 6 
2 3 7 0 0 0 4 3 7 6 
7 9 0 0 0 0 2 0 0 4 
0 0 4 0 0 8 0 0 0 2 
0 0 5 7 0 4 0 2 1 9 
0 0 9 7 0 4 0 0 0 4 
0 0 9 0 9 0 0 0 4 0 
6 0 0 8 0 8 4 5 3 7 
1 7 6 6 0 0 7 1 9 0 
2 0 0 8 0 9 0 1 0 4 
4 2 0 0 0 5 0 0 6 2 
8 0 3 4 5 0 0 6 0 0 
0 0 7 6 1 1 3 0 0 3 
0 4 1 3 8 4 7 0 0 0 
6 6 0 0 0 2 4 0 0 0 
8 0 2 0 6 9 8 9 7 6 
2 2 0 0 4 0 6 7 4 4 
3 7 0 8 2 0 8 0 7 9 
0 0 0 6 0 0 2 0 0 0 
8 1 3 7 1 0 5 4 3 0 
1 0 5 3 8 0 5 0 0 2 
1 0 0 0 1 7 0 0 4 9 
0 9 8 3 0 9 7 0 3 3 
9 0 4 0 0 0 0 0 2 7 
0 0 7 9 9 0 6 0 1 3 
1 7 0 7 0 0 0 0 0 4 
0 4 7 6 3 2 0 6 5 0 
7 4 0 6 0 2 4 0 0 8 
6 0 9 0 0 0 8 0 0 0 
8 6 7 6 7 2 0 0 3 0 
1 2 0 0 0 0 0 0 0 6 
0 3 0 1 0 5 0 6 0 0 
9 0 0 2 0 9 0 1 0 0 
0 0 0 7 0 7 0 8 0 0 
7 2 0 0 0 0 5 0 1 1 
2 0 0 4 0 9 0 1 0 8 
7 0 0 9 7 8 0 0 1 0 
0 6 0 0 3 2 0 2 0 2 
2 2 0 0 0 0 5 9 0 5 
6 4 0 0 0 0 0 5 0 9 
4 0 0 3 0 0 0 0 6 3 
2 0 0 4 7 0 9 1 1 0 
0 2 6 6 1 9 0 0 9 6 
0 2 9 4 6 6 1 0 2 0 
2 6 0 6 0 8 6 1 0 5 
0 7 0 0 9 8 7 4 0 9 
8 1 1 5 9 9 5 1 5 5 
0 8 9 6 2 4 0 1 0 0 
8 7 0 0 0 0 0 0 6 0 
0 0 6 4 0 0 8 3 0 3 
0 6 0 1 0 0 0 6 0 3 
1 0 0 4 0 6 7 4 5 4 
5 6 9 0 0 9 6 6 0 5 
2 4 7 0 0 0 1 8 6 8 
7 1 0 8 1 9 7 3 3 9 
0 6 0 5 1 3 0 7 2 4 
0 9 0 0 3 0 5 8 7 2 
5 0 9 0 0 0 3 9 0 7 
5 3 0 0 8 0 0 1 0 2 
3 0 4 1 0 0 7 0 7 1 
0 3 1 0 8 1 0 2 7 6 
7 1 0 8 4 4 0 3 0 2 
6 3 0 2 0 6 3 7 5 3 
0 0 0 6 8 0 8 0 8 0 
0 6 0 4 1 0 3 0 3 0 
0 8 0 0 9 0 2 0 7 0 
4 0 0 0 0 0 4 5 0 0 
0 0 0 0 4 9 4 0 0 9 
3 8 8 8 0 0 0 0 0 7 
0 0 0 0 0 9 2 0 0 0 
9 0 7 0 0 5 0 0 0 3 
6 0 0 0 9 3 0 7 3 0 
0 1 0 8 0 0 0 3 0 1 
9 3 0 0 5 0 0 0 0 0 
0 0 0 0 0 8 1 0 0 5 
5 6 2 6 0 0 0 3 9 0 
0 0 2 0 0 0 0 0 4 0 
0 0 1 0 0 0 4 9 0 0 
2 0 0 1 9 6 2 4 7 0 
0 7 8 9 0 0 0 8 0 3 
0 6 7 0 8 0 2 7 1 5 
0 0 0 0 0 0 1 0 6 0 
9 5 0 6 0 1 5 0 2 0 
0 0 1 0 7 7 1 0 3 8 
9 0 5 3 5 0 3 7 0 0 
7 0 6 0 0 0 0 0 2 4 
1 0 0 0 0 0 0 0 7 0 
0 2 7 0 8 0 0 7 0 3 
5 8 0 2 0 8 1 1 0 2 
9 4 0 0 9 0 3 6 0 0 
6 9 4 0 0 0 4 0 0 5 
3 0 6 6 3 3 1 0 7 0 
1 0 7 0 0 0 0 8 0 0 
7 6 9 0 9 3 0 9 6 2 
2 0 7 0 0 4 9 0 6 3 
0 9 9 5 7 3 0 0 9 7 
0 2 2 0 7 1 0 4 5 0 
7 5 9 0 6 0 0 1 4 9 
5 0 0 0 0 3 8 6 0 5 
9 0 9 0 0 2 0 4 8 0 
0 8 3 2 6 1 0 0 0 5 
0 3 0 0 0 0 8 0 8 8 
0 0 0 6 0 0 0 4 0 3 
2 2 0 8 0 0 0 0 1 0 
0 0 8 9 0 0 2 0 8 0 
0 4 4 1 0 0 0 0 7 1 
0 0 8 0 3 2 3 0 7 0 
6 0 4 0 3 2 0 6 0 2 
6 8 0 8 3 0 6 2 9 7 
2 6 0 9 1 0 0 7 0 0 
5 1 0 0 5 0 0 0 0 0 
9 4 7 0 0 3 0 0 0 9 
0 0 1 4 3 4 4 9 4 3 
6 0 0 0 0 8 6 0 0 0 
0 2 6 0 0 8 3 3 0 5 
1 5 0 0 0 7 0 3 0 3 
7 7 1 5 0 4 0 0 3 8 
2 1 1 0 7 5 6 0 7 4 
9 0 5 2 6 0 0 0 3 4 
7 0 0 0 3 9 0 0 3 8 
2 0 2 9 0 3 7 3 0 3 
3 0 0 1 3 8 3 6 2 5 
5 1 0 5 0 6 0 6 6 0 
9 0 8 0 0 0 0 0 0 9 
2 0 0 2 3 1 0 6 0 5 
4 0 1 8 7 8 0 9 3 0 
4 9 1 7 0 0 4 9 7 2 
3 5 0 0 0 8 0 0 0 3 
0 0 2 4 7 0 4 0 6 0 
4 9 7 7 0 9 0 9 0 2 
6 2 0 7 0 0 3 2 7 0 
0 8 0 0 0 7 0 8 4 3 
2 0 0 6 1 9 3 6 0 0 
3 7 2 2 6 0 0 0 0 0 
1 0 0 7 6 0 0 6 9 7 
3 7 9 0 0 9 1 0 9 0 
0 0 7 4 4 0 0 9 0 0 
0 2 6 0 1 3 5 5 8 3 
9 9 0 8 0 2 5 5 9 6 
9 0 2 0 3 4 3 7 7 8 
2 6 0 0 7 0 4 0 0 4 
0 0 0 0 0 0 2 1 0 0 
0 0 0 8 8 0 4 7 2 7 
4 1 0 5 0 4 0 8 6 0 
6 6 7 0 5 8 5 3 3 0 
0 4 0 8 8 1 7 0 8 7 
8 9 6 5 0 0 0 7 8 5 
3 8 0 0 0 0 4 0 1 8 
0 5 0 0 9 0 0 2 0 0 
0 4 0 0 0 5 0 5 1 0 
6 2 0 2 6 0 0 3 0 0 
0 8 1 0 0 7 0 4 1 0 
0 0 0 8 0 0 8 0 0 4 
0 0 9 0 1 1 0 9 5 0 
0 0 1 0 0 5 0 9 9 6 
0 0 0 9 1 8 8 5 4 7 
6 9 0 0 4 0 3 0 6 2 
6 2 0 0 0 0 0 0 0 3 
0 0 6 7 5 0 0 7 0 0 
5 0 0 0 5 7 9 3 0 1 
0 0 3 0 0 0 0 4 5 2 
0 4 4 6 0 8 1 0 5 0 
0 3 0 0 9 0 2 3 0 5 
4 3 4 0 0 3 2 7 0 7 
0 3 0 2 3 0 4 3 7 4 
