Data of TT&C Time Windows

  Number of requirements         Number of equipments                   Scheduling horizon
                      27                           10                                           172800
Priorities of requirments:
5 1 9 7 9 8 6 1 7 4 7 9 6 5 5 6 3 6 4 10 10 10 1 2 6 6 1 
Number of laps of each requirment:
10 9 9 10 10 9 9 9 10 10 10 9 8 9 9 8 8 10 10 10 9 9 9 9 10 9 10 
setup times of each equipment:
360 360 360 360 360 360 360 360 360 360 
profits of each requirment on each equipment:
2 5 3 4 4 3 4 5 2 4 
5 5 4 3 1 5 4 1 5 2 
5 5 2 5 2 3 5 4 3 2 
3 4 4 4 5 2 4 3 4 5 
3 5 5 4 3 4 2 1 1 1 
1 1 5 5 2 2 4 5 3 2 
1 4 5 5 1 4 1 4 1 2 
1 3 4 5 2 3 5 2 2 1 
3 2 3 4 4 4 1 5 1 3 
2 3 1 2 4 5 2 4 1 4 
2 4 4 2 5 5 2 2 5 1 
5 5 2 3 3 3 2 2 5 2 
5 3 3 2 5 4 3 1 4 1 
2 1 5 1 5 3 1 5 1 1 
1 2 5 3 3 1 1 1 3 2 
1 1 3 1 1 3 1 5 4 5 
3 4 5 1 2 3 2 2 2 4 
3 4 4 2 4 3 3 1 5 3 
4 1 2 5 5 4 4 2 4 5 
1 4 4 1 1 3 2 5 2 3 
5 3 3 4 2 1 3 1 4 5 
5 1 4 2 5 2 2 4 3 4 
1 4 2 3 4 1 3 3 4 4 
3 4 2 3 5 5 5 2 1 2 
4 1 1 5 5 2 5 2 3 4 
4 5 4 4 4 5 2 1 3 1 
1 3 3 1 4 2 3 5 5 1 
lift or desced status of each lap of each rquirement(task):
1 1 1 1 0 0 0 0 0 0 
1 1 1 1 0 0 0 0 0 
0 0 0 0 1 1 1 1 1 
0 0 0 0 1 1 1 1 1 1 
1 1 1 1 0 0 0 0 0 0 
1 1 1 1 0 0 0 0 0 
0 0 0 0 1 1 1 1 1 
1 1 1 1 0 0 0 0 0 
0 0 0 0 1 1 1 1 1 1 
1 1 1 1 0 0 0 0 0 0 
1 1 1 1 0 0 0 0 0 0 
1 1 1 1 0 0 0 0 0 
1 1 1 1 0 0 0 0 
0 0 0 0 1 1 1 1 1 
1 1 1 1 0 0 0 0 0 
0 0 0 0 1 1 1 1 
0 0 0 0 1 1 1 1 
0 0 0 0 1 1 1 1 1 1 
0 0 0 0 1 1 1 1 1 1 
0 0 0 0 1 1 1 1 1 1 
0 0 0 0 1 1 1 1 1 
1 1 1 1 0 0 0 0 0 
0 0 0 0 1 1 1 1 1 
1 1 1 1 0 0 0 0 0 
1 1 1 1 0 0 0 0 0 0 
0 0 0 0 1 1 1 1 1 
0 0 0 0 1 1 1 1 1 1 
out status of each lap of each rquirement(task):
0 0 0 0 0 0 0 0 0 0 
1 1 1 0 0 0 0 0 0 
1 1 1 0 0 0 0 0 0 
0 0 0 0 0 0 0 0 0 0 
0 0 0 0 0 0 0 0 0 0 
1 1 1 0 0 0 0 0 0 
1 1 1 0 0 0 0 0 0 
1 1 1 0 0 0 0 0 0 
1 1 1 0 0 0 0 0 0 0 
0 0 0 0 0 0 0 0 0 0 
0 0 0 0 0 0 0 0 0 0 
0 0 0 0 0 0 0 0 0 
1 1 1 0 0 0 0 0 
1 1 1 0 0 0 0 0 0 
0 0 0 0 0 0 0 0 0 
0 0 0 0 0 0 0 0 
1 1 1 0 0 0 0 0 
0 0 0 0 0 0 0 0 0 0 
1 1 1 0 0 0 0 0 0 0 
0 0 0 0 0 0 0 0 0 0 
1 1 1 0 0 0 0 0 0 
1 1 1 0 0 0 0 0 0 
1 1 1 0 0 0 0 0 0 
0 0 0 0 0 0 0 0 0 
0 0 0 0 0 0 0 0 0 0 
1 1 1 0 0 0 0 0 0 
1 1 1 0 0 0 0 0 0 0 
in status of each lap of each rquirement(task):
1 1 1 0 0 0 0 0 0 0 
0 0 0 0 0 0 0 0 0 
0 0 0 0 0 0 0 0 0 
1 1 1 0 0 0 0 0 0 0 
1 1 1 0 0 0 0 0 0 0 
0 0 0 0 0 0 0 0 0 
0 0 0 0 0 0 0 0 0 
0 0 0 0 0 0 0 0 0 
0 0 0 0 0 0 0 0 0 0 
1 1 1 0 0 0 0 0 0 0 
1 1 1 0 0 0 0 0 0 0 
1 1 1 0 0 0 0 0 0 
0 0 0 0 0 0 0 0 
0 0 0 0 0 0 0 0 0 
1 1 1 0 0 0 0 0 0 
1 1 1 0 0 0 0 0 
0 0 0 0 0 0 0 0 
1 1 1 0 0 0 0 0 0 0 
0 0 0 0 0 0 0 0 0 0 
1 1 1 0 0 0 0 0 0 0 
0 0 0 0 0 0 0 0 0 
0 0 0 0 0 0 0 0 0 
0 0 0 0 0 0 0 0 0 
1 1 1 0 0 0 0 0 0 
1 1 1 0 0 0 0 0 0 0 
0 0 0 0 0 0 0 0 0 
0 0 0 0 0 0 0 0 0 0 
beginning time of each lap of each rquirement(task):
21235 26635 32035 37435 42835 48235 53635 59035 64435 69835 
8943 14343 19743 25143 30543 35943 41343 46743 52143 
21703 27103 32503 37903 43303 48703 54103 59503 64903 
32916 38316 43716 49116 54516 59916 65316 70716 76116 81516 
41955 47355 52755 58155 63555 68955 74355 79755 85155 90555 
16677 22077 27477 32877 38277 43677 49077 54477 59877 
23362 28762 34162 39562 44962 50362 55762 61162 66562 
70597 75997 81397 86797 92197 97597 102997 108397 113797 
21277 26677 32077 37477 42877 48277 53677 59077 64477 69877 
4320 9720 15120 20520 25920 31320 36720 42120 47520 52920 
227 5627 11027 16427 21827 27227 32627 38027 43427 48827 
85957 91357 96757 102157 107557 112957 118357 123757 129157 
24297 29697 35097 40497 45897 51297 56697 62097 
84963 90363 95763 101163 106563 111963 117363 122763 128163 
20534 25934 31334 36734 42134 47534 52934 58334 63734 
15279 20679 26079 31479 36879 42279 47679 53079 
31003 36403 41803 47203 52603 58003 63403 68803 
67281 72681 78081 83481 88881 94281 99681 105081 110481 115881 
53441 58841 64241 69641 75041 80441 85841 91241 96641 102041 
33616 39016 44416 49816 55216 60616 66016 71416 76816 82216 
12128 17528 22928 28328 33728 39128 44528 49928 55328 
61584 66984 72384 77784 83184 88584 93984 99384 104784 
41233 46633 52033 57433 62833 68233 73633 79033 84433 
11996 17396 22796 28196 33596 38996 44396 49796 55196 
70965 76365 81765 87165 92565 97965 103365 108765 114165 119565 
50176 55576 60976 66376 71776 77176 82576 87976 93376 
50962 56362 61762 67162 72562 77962 83362 88762 94162 99562 
finish time of each lap of each rquirement(task):
26635 32035 37435 42835 48235 53635 59035 64435 69835 75235 
14343 19743 25143 30543 35943 41343 46743 52143 57543 
27103 32503 37903 43303 48703 54103 59503 64903 70303 
38316 43716 49116 54516 59916 65316 70716 76116 81516 86916 
47355 52755 58155 63555 68955 74355 79755 85155 90555 95955 
22077 27477 32877 38277 43677 49077 54477 59877 65277 
28762 34162 39562 44962 50362 55762 61162 66562 71962 
75997 81397 86797 92197 97597 102997 108397 113797 119197 
26677 32077 37477 42877 48277 53677 59077 64477 69877 75277 
9720 15120 20520 25920 31320 36720 42120 47520 52920 58320 
5627 11027 16427 21827 27227 32627 38027 43427 48827 54227 
91357 96757 102157 107557 112957 118357 123757 129157 134557 
29697 35097 40497 45897 51297 56697 62097 67497 
90363 95763 101163 106563 111963 117363 122763 128163 133563 
25934 31334 36734 42134 47534 52934 58334 63734 69134 
20679 26079 31479 36879 42279 47679 53079 58479 
36403 41803 47203 52603 58003 63403 68803 74203 
72681 78081 83481 88881 94281 99681 105081 110481 115881 121281 
58841 64241 69641 75041 80441 85841 91241 96641 102041 107441 
39016 44416 49816 55216 60616 66016 71416 76816 82216 87616 
17528 22928 28328 33728 39128 44528 49928 55328 60728 
66984 72384 77784 83184 88584 93984 99384 104784 110184 
46633 52033 57433 62833 68233 73633 79033 84433 89833 
17396 22796 28196 33596 38996 44396 49796 55196 60596 
76365 81765 87165 92565 97965 103365 108765 114165 119565 124965 
55576 60976 66376 71776 77176 82576 87976 93376 98776 
56362 61762 67162 72562 77962 83362 88762 94162 99562 104962 
the status that whether each lap of each rquirement(task) perfomed by each equipment: 
1 0 1 0 1 1 1 0 0 0 
1 1 0 0 1 0 0 0 0 0 
0 0 0 1 1 0 0 1 0 0 
1 1 1 0 1 0 1 0 1 1 
0 1 1 1 1 0 1 1 1 0 
1 0 1 0 0 0 1 1 1 0 
1 1 0 1 1 1 1 1 1 0 
0 1 0 1 0 1 0 1 0 1 
0 0 1 1 0 1 1 1 0 1 
0 1 1 0 0 1 1 0 1 1 
0 1 0 1 1 1 1 1 1 0 
0 1 0 1 0 0 1 1 0 0 
1 0 0 0 0 1 1 1 1 0 
1 1 1 0 1 1 1 0 1 1 
1 0 0 1 1 1 0 1 1 1 
1 1 1 1 1 0 1 0 0 1 
1 1 1 0 1 1 0 1 1 0 
1 0 1 0 1 0 1 1 1 1 
0 1 1 0 0 1 0 0 0 1 
0 0 1 1 1 0 1 1 1 0 
1 1 0 0 0 1 0 1 1 1 
0 0 1 0 0 1 1 0 1 0 
1 1 1 0 0 0 1 1 1 1 
1 1 0 1 1 1 1 1 1 0 
0 0 1 1 0 0 1 1 0 0 
0 0 0 1 0 0 1 0 1 1 
0 1 1 0 1 1 1 1 1 1 
1 1 1 0 1 1 0 1 0 0 
1 1 1 0 1 1 1 0 1 0 
1 1 0 0 1 1 1 0 0 0 
1 1 1 0 0 1 1 0 0 0 
0 1 1 1 1 1 1 0 1 0 
1 1 0 0 1 1 0 1 1 0 
0 0 1 0 1 0 1 1 0 0 
0 0 1 1 0 1 0 0 1 1 
1 1 0 1 1 1 1 0 1 1 
1 1 0 0 0 0 0 1 0 0 
0 1 1 0 1 0 0 0 1 1 
1 1 0 0 0 1 0 1 1 1 
1 0 1 1 1 1 0 1 1 1 
1 1 1 1 1 1 1 0 1 1 
1 1 0 1 0 1 1 1 1 0 
0 1 1 1 1 1 0 1 0 1 
1 1 0 1 1 1 0 0 1 0 
1 0 0 0 1 1 1 0 1 1 
1 1 1 1 1 1 0 1 0 1 
0 0 0 1 0 0 1 1 1 0 
0 1 1 0 1 0 0 0 1 0 
0 1 0 1 0 1 1 0 0 1 
0 1 0 1 1 1 0 0 1 0 
1 0 1 0 0 0 0 1 1 0 
0 1 0 0 0 1 0 0 1 1 
0 0 0 1 1 1 1 1 0 0 
1 0 1 1 0 1 1 0 1 0 
1 0 0 1 1 0 0 0 1 0 
1 1 1 1 1 1 1 1 1 1 
0 0 1 1 1 0 1 1 1 0 
0 1 0 1 1 1 1 0 0 1 
0 1 1 1 1 1 1 1 0 1 
1 0 1 0 1 1 1 1 0 0 
1 1 1 1 0 1 1 1 1 1 
0 0 1 0 1 1 1 1 0 0 
0 1 0 1 1 0 1 1 0 1 
1 1 1 1 0 1 1 0 0 0 
1 0 0 1 0 1 0 0 0 1 
1 0 0 1 1 1 0 0 0 1 
0 1 0 0 1 1 1 0 1 0 
0 1 1 1 1 1 1 0 1 0 
1 1 1 1 1 1 1 1 0 0 
0 1 1 0 0 1 0 0 1 0 
0 1 1 1 0 1 1 1 0 0 
1 1 1 0 0 1 1 1 0 0 
1 0 1 0 0 1 1 0 0 1 
1 1 0 0 1 0 0 1 1 1 
0 0 1 0 1 1 1 0 1 0 
0 0 1 0 1 1 1 0 1 1 
0 0 1 1 1 1 1 1 1 1 
1 1 1 1 1 0 1 1 1 0 
1 1 0 0 0 1 0 1 1 0 
1 0 0 1 0 0 1 0 1 1 
1 0 1 1 1 1 1 1 1 1 
1 1 1 0 0 1 1 1 1 0 
1 1 0 0 1 1 1 1 0 1 
1 0 0 0 1 1 1 1 1 0 
1 0 1 1 1 1 1 1 0 0 
0 0 1 1 1 1 1 0 1 1 
1 1 0 1 0 1 1 0 0 0 
1 0 1 1 1 0 1 1 1 1 
1 1 1 1 1 1 1 1 0 1 
0 0 0 1 1 0 0 0 1 1 
0 0 1 1 1 1 0 1 1 1 
1 0 0 0 0 1 0 1 1 1 
1 1 0 0 1 1 1 1 1 0 
1 1 1 0 1 0 0 1 0 1 
1 0 0 0 0 1 1 0 1 0 
1 1 1 1 1 0 0 1 1 1 
1 1 1 1 1 1 1 1 1 0 
1 0 1 1 1 1 0 0 1 1 
1 0 0 1 1 0 0 1 1 0 
0 0 1 1 1 1 0 0 0 1 
0 1 1 1 1 1 0 1 1 1 
1 1 1 1 1 0 0 0 1 0 
1 0 1 1 1 1 1 0 1 0 
1 1 1 1 1 1 1 1 1 1 
1 1 1 1 1 0 0 0 1 1 
1 1 1 1 1 0 0 0 0 1 
1 0 1 1 1 0 1 1 1 1 
0 0 1 0 1 1 1 1 1 1 
0 1 1 0 1 1 0 1 1 1 
1 0 1 0 0 1 1 0 0 1 
0 1 0 0 1 0 0 0 0 1 
0 0 0 0 1 0 0 0 1 1 
1 1 0 0 1 1 0 1 1 1 
1 1 1 1 0 0 1 1 1 0 
0 0 1 1 0 1 1 0 1 0 
1 0 1 0 1 1 1 1 0 1 
0 0 1 1 0 0 0 1 1 0 
1 0 1 1 0 1 0 0 0 0 
0 0 1 0 1 0 0 0 0 0 
1 0 1 1 1 1 1 0 0 1 
0 1 1 1 0 1 1 0 1 0 
1 0 0 1 1 0 0 1 1 0 
0 0 1 0 1 0 0 0 0 1 
1 0 0 1 1 1 1 0 1 0 
1 1 1 1 1 1 0 0 1 1 
1 0 1 1 1 0 1 0 1 0 
0 0 1 0 0 1 1 0 0 0 
1 0 0 0 0 1 0 1 0 0 
1 1 0 0 1 1 0 0 0 1 
0 1 1 1 1 0 1 1 0 0 
1 1 1 1 0 0 1 1 1 0 
1 1 1 1 1 1 1 0 0 1 
0 0 1 0 0 0 1 1 0 0 
1 1 1 1 0 1 0 1 1 1 
1 0 1 0 1 0 1 0 1 1 
0 1 1 1 1 0 0 1 1 0 
0 1 1 1 1 1 0 1 0 0 
0 1 1 0 1 0 1 0 1 1 
1 1 0 0 1 1 0 1 1 0 
0 1 1 0 1 0 1 1 1 1 
0 1 0 0 1 1 0 1 1 0 
0 0 0 1 0 0 1 1 1 1 
0 1 0 0 1 1 1 1 1 1 
1 1 0 1 1 0 1 0 1 1 
0 1 1 1 1 1 1 1 0 1 
0 0 0 0 1 1 1 1 1 1 
1 0 0 1 1 0 1 1 0 1 
1 0 1 1 0 1 0 0 0 1 
1 1 1 1 0 1 0 1 1 1 
0 1 1 1 0 1 1 1 1 1 
1 1 0 1 0 1 1 1 0 0 
1 0 0 1 1 1 1 1 1 0 
0 1 1 1 1 1 1 0 0 0 
1 1 0 0 0 0 1 1 1 0 
0 1 1 1 1 1 1 0 1 1 
1 1 1 0 0 0 1 1 1 0 
1 0 1 1 0 0 1 0 1 0 
1 0 1 0 0 1 1 0 1 0 
0 1 0 1 1 0 1 0 0 0 
1 1 0 0 1 1 1 0 0 0 
0 1 1 1 1 0 0 1 1 1 
1 1 1 0 1 0 0 1 0 1 
1 1 0 1 0 0 0 0 1 1 
0 1 1 1 1 0 0 0 1 1 
1 1 0 1 1 1 1 0 0 0 
1 1 0 1 0 1 0 1 0 0 
1 1 0 1 0 1 1 1 1 0 
0 1 1 1 0 1 0 1 0 0 
1 0 0 0 0 1 0 0 1 0 
1 0 1 0 1 1 0 1 0 1 
1 1 0 1 1 0 1 0 1 1 
1 0 0 0 0 1 0 1 0 1 
0 1 0 1 1 1 1 1 1 1 
0 1 1 0 0 1 0 0 1 0 
1 0 1 0 0 1 1 1 1 1 
0 0 0 1 0 1 1 1 1 0 
0 0 1 0 1 0 0 1 1 1 
1 0 1 1 1 1 0 0 1 1 
0 1 1 1 1 1 0 1 1 1 
0 1 1 1 1 1 1 0 1 1 
1 1 1 1 0 1 1 0 1 1 
1 1 0 1 1 0 0 0 1 1 
1 0 1 1 1 1 0 0 1 0 
1 1 0 1 0 1 0 0 0 0 
0 1 1 0 0 0 0 0 0 1 
0 1 0 1 1 1 0 1 1 0 
0 0 1 0 1 0 1 0 1 1 
0 1 0 0 1 0 1 1 0 0 
1 1 0 0 1 1 1 1 1 0 
0 0 0 1 0 0 1 1 0 0 
1 0 1 0 1 1 1 1 1 0 
1 1 1 0 0 1 1 0 0 0 
1 1 0 1 1 0 1 1 0 1 
1 0 0 0 0 1 1 1 0 1 
1 0 0 0 1 1 1 1 0 1 
1 1 0 0 0 0 0 0 0 0 
1 0 0 1 1 1 0 1 0 1 
1 1 1 1 1 0 1 0 1 1 
1 1 1 1 0 1 1 1 1 1 
1 1 1 0 1 0 1 1 0 1 
0 1 1 1 1 0 1 1 0 0 
1 1 1 1 1 1 0 1 1 0 
1 0 0 1 0 0 0 1 0 1 
0 0 0 1 1 1 1 0 0 1 
0 1 1 1 1 0 0 1 0 1 
1 0 1 0 0 1 0 1 1 1 
0 0 1 0 0 0 1 0 1 1 
1 1 1 0 1 1 1 0 0 1 
1 0 1 0 0 1 0 1 0 0 
0 1 1 1 0 1 1 1 0 0 
0 0 1 1 1 0 0 1 1 0 
1 1 1 0 0 1 1 0 1 1 
0 1 1 1 0 1 1 0 0 1 
0 1 1 1 1 1 1 1 1 0 
0 1 0 0 0 1 0 1 1 1 
1 1 1 1 1 1 1 1 0 1 
0 1 1 1 1 1 0 0 0 1 
1 1 1 0 0 1 0 0 0 0 
1 0 0 1 1 0 0 1 1 0 
0 1 1 1 1 1 1 1 0 0 
0 1 0 0 0 1 1 1 1 1 
0 1 1 1 1 0 1 1 1 1 
0 1 1 0 1 1 0 1 1 1 
1 1 1 1 0 1 0 1 1 0 
1 1 0 1 0 1 1 1 1 0 
1 1 0 1 0 1 1 1 0 0 
1 1 0 1 1 1 1 0 1 0 
0 1 0 1 1 1 1 1 1 1 
1 1 0 0 1 1 1 1 1 0 
1 0 1 1 0 1 1 1 1 1 
0 1 0 1 0 0 1 1 1 1 
1 1 1 0 1 0 1 1 1 1 
1 1 1 1 1 0 1 1 1 1 
1 1 0 0 0 0 0 0 1 1 
0 0 1 0 1 0 0 0 0 1 
1 0 0 1 1 0 1 0 1 1 
1 1 1 0 1 1 0 0 0 0 
0 0 1 0 1 0 1 0 1 0 
0 0 1 1 1 1 1 0 1 1 
0 0 1 0 1 0 1 1 1 0 
0 1 1 0 0 1 1 0 0 0 
1 1 0 1 1 0 1 0 1 1 
0 1 0 0 0 0 1 1 1 0 
0 0 0 1 0 1 1 0 0 0 
1 0 1 1 1 0 1 1 0 0 
1 0 1 1 1 0 0 1 1 0 
1 1 1 0 0 0 0 0 1 0 
0 0 1 0 1 1 0 0 1 0 
1 1 1 0 1 1 1 1 0 1 
0 0 1 1 0 1 0 1 1 1 
0 1 1 0 0 0 1 0 0 1 
the beginning time each lap of each rquirement(task) perfomed by each equipment: 
23038 0 23978 0 25692 21804 24643 0 0 0 
29428 30149 0 0 31084 0 0 0 0 0 
0 0 0 36062 35126 0 0 32130 0 0 
40967 37997 38694 0 41843 0 40356 0 37781 38665 
0 44949 43015 43254 44172 0 43318 45650 44092 0 
50894 0 51335 0 0 0 52522 50208 51692 0 
58093 57550 0 57747 54456 57286 54982 56570 57327 0 
0 60424 0 62462 0 62941 0 61806 0 61658 
0 0 66253 65945 0 65173 66914 64731 0 65953 
0 73803 71412 0 0 70400 71944 0 70195 73793 
0 9986 0 12034 11351 11701 9514 10046 12619 0 
0 16706 0 15927 0 0 14919 17986 0 0 
21050 0 0 0 0 20398 23932 19806 21261 0 
28356 27058 29139 0 26385 28160 28854 0 26280 26088 
32246 0 0 33828 31310 33709 0 31621 31649 33278 
40051 36570 37218 37123 40161 0 36474 0 0 38291 
45470 44240 44913 0 45013 43013 0 44425 45165 0 
47900 0 49505 0 49348 0 49279 48566 46796 51178 
0 53930 54162 0 0 52819 0 0 0 53480 
0 0 23938 21713 26176 0 25129 23446 25793 0 
30846 29164 0 0 0 29127 0 30373 29524 30723 
0 0 33059 0 0 36754 33458 0 33521 0 
39522 42317 40344 0 0 0 39381 40933 42115 39664 
47006 44345 0 45851 45881 45641 46013 47168 44458 0 
0 0 49042 51106 0 0 49180 49291 0 0 
0 0 0 57726 0 0 58304 0 55458 58185 
0 62598 63575 0 60921 59729 60063 62652 63939 63653 
65236 66804 66687 0 69051 67056 0 65280 0 0 
35756 36333 36430 0 36145 36276 33275 0 35083 0 
41993 41149 0 0 39111 41031 42078 0 0 0 
44731 44980 47251 0 0 44459 46531 0 0 0 
0 50114 52956 52541 52297 49692 49295 0 50010 0 
57927 55374 0 0 56083 58983 0 57353 55348 0 
0 0 63294 0 62729 0 61563 63385 0 0 
0 0 67676 67024 0 68494 0 0 65848 67107 
74216 73839 0 72111 71365 71775 72123 0 73679 75146 
80089 79381 0 0 0 0 0 77074 0 0 
0 84055 84939 0 83687 0 0 0 82313 83588 
45982 43292 0 0 0 45561 0 45781 42672 43431 
48306 0 49165 49525 49707 51128 0 50799 50867 48626 
54909 55984 55362 54307 53931 56161 55638 0 54540 54558 
61005 61107 0 58540 0 59361 58475 61407 59501 0 
0 64658 65934 67991 66776 66326 0 65623 0 65223 
73016 70734 0 69174 72385 72051 0 0 70989 0 
75674 0 0 0 76874 78644 77715 0 76168 78666 
80110 82959 82924 82467 81116 83574 0 80516 0 82305 
0 0 0 87627 0 0 87598 87619 85641 0 
0 91339 90644 0 91251 0 0 0 92645 0 
0 20132 0 20521 0 17845 17932 0 0 21173 
0 26120 0 25072 25700 26406 0 0 23451 0 
31164 0 29436 0 0 0 0 31247 28147 0 
0 36940 0 0 0 36148 0 0 36957 37310 
0 0 0 39747 38414 39812 40869 42555 0 0 
46470 0 45113 44893 0 48007 45721 0 45157 0 
51545 0 0 51241 51453 0 0 0 51624 0 
58713 56328 57239 55315 54993 58386 54477 57402 56512 56347 
0 0 60088 63011 63634 0 61957 61408 60073 0 
0 26792 0 26088 25496 27418 24982 0 0 27191 
0 29583 31105 32183 30960 31028 32272 29828 0 32603 
38156 0 38052 0 34604 36117 36251 35224 0 0 
43719 43680 40688 40165 0 39667 43133 43870 39941 42934 
0 0 46077 0 45749 48479 46609 45697 0 0 
0 54157 0 53649 54419 0 54625 51518 0 51967 
56868 56190 59335 56597 0 57627 58203 0 0 0 
64495 0 0 64652 0 64533 0 0 0 63368 
69083 0 0 67250 69800 68454 0 0 0 68277 
0 70601 0 0 70919 73940 71690 0 70792 0 
0 76184 78265 79081 77510 78150 77876 0 79094 0 
82373 83263 84439 83605 83145 82833 85697 84932 0 0 
0 88631 88989 0 0 87017 0 0 87157 0 
0 93707 95946 93908 0 96654 94121 95184 0 0 
100486 98930 99175 0 0 97641 101985 99694 0 0 
104846 0 105951 0 0 106057 106078 0 0 107496 
110296 109622 0 0 112528 0 0 111421 108560 112145 
0 0 115261 0 115519 116023 113972 0 116407 0 
0 0 23708 0 23537 25433 21740 0 24232 21532 
0 0 27871 30126 29504 27353 30789 27140 30144 29419 
34605 36512 35070 32191 35398 0 36167 35253 36030 0 
40667 37850 0 0 0 38386 0 37962 41322 0 
44709 0 0 43699 0 0 46481 0 43941 43211 
49015 0 50208 51284 48655 49227 49890 51273 49442 49381 
53943 55895 55579 0 0 55299 54949 54644 54045 0 
63240 62726 0 0 59650 61116 59204 61112 0 62614 
64893 0 0 0 66974 65388 66888 67813 67669 0 
70031 0 70240 72806 70861 70028 72361 71567 0 0 
0 0 6092 5055 4428 7173 5595 0 7848 8797 
11352 11636 0 10095 0 12975 10230 0 0 0 
18132 0 17121 15536 15361 0 19172 17566 18570 18622 
23592 20961 21932 23637 22185 22793 21337 22721 0 20531 
0 0 0 29167 30067 0 0 0 29589 30232 
0 0 34434 31958 35038 33636 0 33510 34367 35039 
39555 0 0 0 0 37357 0 40318 39611 36795 
46042 45720 0 0 43207 44887 44256 45313 45577 0 
50980 49747 51947 0 48718 0 0 47904 0 48260 
56473 0 0 0 0 53489 56934 0 53388 0 
4364 3628 1574 620 4269 0 0 234 1243 2752 
6326 9773 10112 7927 6673 8985 6363 9941 9122 0 
11184 0 14035 11970 11745 13783 0 0 11242 13761 
17615 0 0 20146 19572 0 0 17182 16778 0 
0 0 24468 25197 23200 22608 0 0 0 21985 
0 31226 31059 27656 30884 30041 0 31218 29049 28437 
33480 35347 32701 35799 36194 0 0 0 33594 0 
40843 0 42371 38351 41578 38817 39019 0 41191 0 
47272 45167 45132 47823 44257 43498 43997 46431 46368 46450 
52081 52605 49402 52849 52009 0 0 0 52629 52689 
87411 90350 88269 86824 86956 0 0 0 0 87940 
95042 0 93641 93324 92851 0 91539 92151 93413 93265 
0 0 98580 0 96817 98338 96784 98922 97155 98983 
0 103083 104454 0 104660 103044 0 106388 103000 102772 
107986 0 107809 0 0 108673 110422 0 0 110274 
0 117218 0 0 113269 0 0 0 0 117324 
0 0 0 0 119616 0 0 0 121374 121250 
124042 127421 0 0 126758 127655 0 126883 124609 127585 
129982 133384 133450 130401 0 0 131022 132895 129367 0 
0 0 28464 28505 0 24565 24383 0 27701 0 
29899 0 31060 0 33571 32347 30814 32470 0 30347 
0 0 38358 35824 0 0 0 37020 39502 0 
41922 0 42572 42604 0 43041 0 0 0 0 
0 0 47805 0 48070 0 0 0 0 0 
51411 0 53588 52793 53213 54412 52869 0 0 55760 
0 60756 59247 57966 0 60062 57778 0 57299 0 
66240 0 0 62142 62845 0 0 65908 66563 0 
0 0 86739 0 87171 0 0 0 0 88008 
91273 0 0 90624 93675 91522 90504 0 90795 0 
100066 98068 97085 100175 99120 96705 0 0 97202 97999 
105125 0 103001 102659 103136 0 103090 0 104241 0 
0 0 108594 0 0 107501 106940 0 0 0 
114410 0 0 0 0 114697 0 112202 0 0 
120351 118235 0 0 119023 119546 0 0 0 121076 
0 124984 124530 123705 123899 0 123811 123086 0 0 
129119 128357 131678 128565 0 0 128486 128279 129110 0 
23248 24559 21513 24433 23333 23682 21764 0 0 23325 
0 0 29208 0 0 0 29394 28105 0 0 
35736 35789 34591 32648 0 32602 0 31666 35604 33406 
39727 0 38577 0 38369 0 40955 0 36946 39818 
0 43857 45917 44391 43366 0 0 43169 44203 0 
0 49114 49414 52024 48363 51677 0 47594 0 0 
0 53213 53849 0 53134 0 53294 0 54052 57161 
60510 59280 0 0 60017 59068 0 59479 62772 0 
0 66055 68076 0 64403 0 65679 65290 66139 67823 
0 18826 0 0 16395 15769 0 18982 18228 0 
0 0 0 21538 0 0 23828 22088 22066 22982 
0 30073 0 0 28918 29054 26853 26357 28548 27879 
31963 32332 0 33578 34247 0 34000 0 32888 32277 
0 39698 39383 39340 38053 37573 38416 40054 0 37218 
0 0 0 0 44659 42675 46631 45385 44083 42503 
47850 0 0 50833 47912 0 48539 51820 0 48283 
54704 0 53933 53310 0 55993 0 0 0 57301 
33018 31781 32153 31867 0 35127 0 34849 32571 34236 
0 40007 39891 40718 0 39799 40430 38539 39799 37574 
42980 44554 0 42940 0 41968 42975 44905 0 0 
50051 0 0 48072 50537 47685 48140 47711 47396 0 
0 53941 55535 56510 53348 53447 55028 0 0 0 
59298 61229 0 0 0 0 59172 61753 61526 0 
0 63655 64031 67187 66308 64260 66946 0 65021 63992 
69024 69528 72119 0 0 0 69552 69704 69832 0 
71759 0 69572 71401 0 0 70698 0 70468 0 
73351 0 75998 0 0 75925 76251 0 73395 0 
0 79714 0 78863 78449 0 78280 0 0 0 
87430 84403 0 0 85700 87891 87517 0 0 0 
0 93052 92771 88909 89124 0 0 89344 91161 91102 
94692 95974 94329 0 98239 0 0 94468 0 95662 
100525 102132 0 102839 0 0 0 0 104108 102801 
0 105924 107946 107093 108073 0 0 0 108236 107329 
111146 113057 0 112155 113510 111211 112951 0 0 0 
119616 118433 0 117436 0 117436 0 119535 0 0 
55190 56364 0 56875 0 56944 55181 53865 54793 0 
0 61083 59565 62353 0 61239 0 61723 0 0 
66818 0 0 0 0 64652 0 0 65595 0 
71014 0 70467 0 72695 73155 0 72999 0 70152 
75263 76569 0 78168 75125 0 76141 0 76953 77264 
83330 0 0 0 0 81547 0 82798 0 83494 
0 87201 0 87865 87929 86096 88431 89409 89241 86345 
0 91299 92594 0 0 95717 0 0 93472 0 
97688 0 100722 0 0 98029 98331 99284 99076 97406 
0 0 0 104144 0 106304 102839 104325 103659 0 
0 0 34468 0 34540 0 0 36423 33865 37793 
42780 0 42235 41631 40887 41736 0 0 39115 40466 
0 48639 48347 45860 45877 46264 0 46404 48447 47714 
0 51782 53154 53655 51957 51120 50882 0 52644 53567 
58907 56068 57040 56808 0 58900 57194 0 58478 56986 
62586 62431 0 63298 62495 0 0 0 64382 63765 
70186 0 66387 69770 68413 69904 0 0 70264 0 
71822 72033 0 74278 0 71648 0 0 0 0 
0 78858 81245 0 0 0 0 0 0 78753 
0 82406 0 85165 83691 83047 0 85529 85047 0 
0 0 13857 0 12141 0 14200 0 14212 14014 
0 21101 0 0 18920 0 21928 19497 0 0 
23133 24930 0 0 26305 23462 23621 23150 25372 0 
0 0 0 32328 0 0 32349 30909 0 0 
34388 0 38053 0 36150 35327 34593 36714 35796 0 
43046 43498 41738 0 0 41986 41046 0 0 0 
44704 47683 0 46786 47530 0 46665 48221 0 47644 
54269 0 0 0 0 53713 52209 53256 0 53146 
57213 0 0 0 56072 56201 56651 58503 0 57222 
62830 62948 0 0 0 0 0 0 0 0 
67139 0 0 70795 70797 67265 0 71129 0 69705 
75615 74171 75092 76152 72422 0 75960 0 75377 73092 
79743 77958 80898 81538 0 80668 78508 81543 81476 79027 
86637 85841 84185 0 86517 0 86831 84626 0 84298 
0 89668 91897 92402 90243 0 90037 88930 0 0 
94493 95786 95526 97131 98434 94075 0 97670 94401 0 
102122 0 0 103767 0 0 0 100676 0 103185 
0 0 0 106883 105398 105072 108282 0 0 107889 
0 45489 43991 42211 43606 0 0 43909 0 42510 
47110 0 48026 0 0 47213 0 49570 48430 46826 
0 0 52835 0 0 0 56210 0 52473 55430 
58143 57935 61627 0 57705 58578 60399 0 0 59653 
64316 0 63589 0 0 66187 0 66739 0 0 
0 71097 69128 69053 0 72270 68493 68648 0 0 
0 0 73931 73815 75498 0 0 75354 75962 0 
83050 79521 81825 0 0 82360 81100 0 83509 79623 
0 88870 86530 85870 0 88509 88391 0 0 88439 
0 15695 12106 14154 16341 16180 13784 15852 15661 0 
0 18622 0 0 0 18003 0 19289 20463 19134 
26520 26734 23399 24414 24840 23757 23884 23708 0 24967 
0 29853 28919 32140 32153 28998 0 0 0 30196 
37166 33744 38042 0 0 34913 0 0 0 0 
39329 0 0 39776 40959 0 0 40801 40374 0 
0 45486 45790 45802 46619 48805 47625 46055 0 0 
0 53237 0 0 0 52688 51398 51927 54222 53894 
0 55494 59088 55320 58948 0 55411 59481 58720 56451 
0 74688 71378 0 73888 72256 0 71011 73903 72701 
79166 80489 76591 78885 0 77987 0 78313 76670 0 
83438 85575 0 84007 0 84838 82685 85470 82596 0 
88934 87673 0 90651 0 89708 90916 89437 0 0 
93252 94203 0 96151 95861 96979 95333 0 96853 0 
0 98669 0 98216 97992 99798 98513 101469 98306 101587 
107279 103593 0 0 104944 104020 106713 104297 104556 0 
112647 0 109108 111370 0 109848 111975 109726 113229 110585 
0 116765 0 117017 0 0 116677 114645 114810 115317 
122085 123454 123187 0 120571 0 122495 120069 122416 122820 
52709 50838 54297 52961 54544 0 51942 51307 54506 53497 
59529 58421 0 0 0 0 0 0 59303 58991 
0 0 63144 0 63164 0 0 0 0 64710 
67744 0 0 66710 67136 0 66621 0 68756 68987 
72838 75413 76048 0 74199 74606 0 0 0 0 
0 0 80247 0 81216 0 77653 0 80630 0 
0 0 83111 83029 84560 83809 84476 0 84463 83681 
0 0 88038 0 91869 0 92076 91762 89010 0 
0 95847 94684 0 0 97617 97737 0 0 0 
54854 53917 0 53438 52395 0 51176 0 55020 52281 
0 57452 0 0 0 0 56576 59616 58146 0 
0 0 0 63242 0 62487 63509 0 0 0 
70956 0 68618 67305 69836 0 68016 69018 0 0 
75545 0 75342 75602 75148 0 0 76182 76339 0 
80566 78403 80357 0 0 0 0 0 79336 0 
0 0 84009 0 86862 85280 0 0 83690 0 
90212 92435 93133 0 90728 89268 91857 89421 0 92428 
0 0 98508 98151 0 95105 0 98427 97154 94251 
0 103281 103556 0 0 0 100766 0 0 102527 
the finish time each lap of each rquirement(task) perfomed by each equipment: 
23445 0 24685 0 26260 22587 25166 0 0 0 
30258 30526 0 0 31845 0 0 0 0 0 
0 0 0 36672 35576 0 0 32590 0 0 
41328 38447 39588 0 42286 0 40667 0 38306 39109 
0 45838 43800 43855 44656 0 44093 46209 44612 0 
51486 0 52008 0 0 0 52938 50720 52149 0 
58611 58034 0 58463 54809 57706 55549 57211 57870 0 
0 60770 0 63019 0 63359 0 62332 0 62422 
0 0 66853 66502 0 65899 67332 65110 0 66365 
0 74597 72237 0 0 70947 72717 0 70915 74306 
0 10730 0 12356 12123 12306 10059 10424 13408 0 
0 17360 0 16420 0 0 15597 18401 0 0 
21467 0 0 0 0 21033 24289 20621 22137 0 
28775 27834 29509 0 26798 29011 29516 0 26702 26739 
32969 0 0 34165 31893 34559 0 32173 32088 34090 
40735 37383 37533 37738 41044 0 37295 0 0 39116 
46023 44783 45780 0 45554 43464 0 45319 45687 0 
48505 0 49919 0 49939 0 50172 48873 47617 51833 
0 54426 54742 0 0 53312 0 0 0 53925 
0 0 24799 22052 26772 0 25854 24079 26119 0 
31693 29468 0 0 0 29859 0 31085 30278 31236 
0 0 33479 0 0 37384 34206 0 34235 0 
39837 42687 41152 0 0 0 39683 41481 42590 40085 
47338 44883 0 46206 46247 46027 46550 47479 44894 0 
0 0 49762 51509 0 0 49918 49658 0 0 
0 0 0 58119 0 0 58837 0 56205 58586 
0 63435 64230 0 61772 60396 60744 63251 64355 64082 
65546 67442 67563 0 69726 67598 0 65666 0 0 
36058 37136 37184 0 36643 37156 33955 0 35802 0 
42583 41652 0 0 39736 41675 42882 0 0 0 
45474 45294 47561 0 0 45007 47160 0 0 0 
0 50644 53656 52858 52779 50544 49922 0 50543 0 
58686 56109 0 0 56542 59668 0 57812 56210 0 
0 0 63958 0 63451 0 61937 64225 0 0 
0 0 68342 67558 0 69320 0 0 66696 67656 
75037 74164 0 72669 71903 72112 72796 0 74252 75798 
80879 80265 0 0 0 0 0 77749 0 0 
0 84579 85409 0 84063 0 0 0 83101 84425 
46396 43639 0 0 0 46376 0 46086 43223 44095 
48633 0 49799 50387 50135 51860 0 51521 51456 49380 
55285 56508 55842 55099 54309 56929 56094 0 54876 54916 
61584 61463 0 59348 0 60188 58864 62258 60015 0 
0 65397 66719 68842 67132 66933 0 65999 0 66107 
73873 71351 0 69645 73143 72802 0 0 71484 0 
76238 0 0 0 77297 79315 78370 0 76909 79232 
80678 83372 83381 83238 81904 83981 0 81016 0 82629 
0 0 0 88340 0 0 88024 88314 86283 0 
0 91804 91430 0 92073 0 0 0 93479 0 
0 20711 0 21119 0 18494 18417 0 0 21957 
0 26441 0 25812 26148 26885 0 0 24245 0 
32011 0 30016 0 0 0 0 31784 28600 0 
0 37450 0 0 0 36979 0 0 37762 37654 
0 0 0 40085 38984 40178 41404 43329 0 0 
47095 0 45841 45789 0 48698 46502 0 45507 0 
52137 0 0 51798 51826 0 0 0 52479 0 
59069 57147 58072 55959 55842 58781 55331 58134 57324 56726 
0 0 60677 63876 64428 0 62486 62116 60841 0 
0 27154 0 26821 26019 28278 25492 0 0 28032 
0 30119 31901 32661 31368 31848 32840 30665 0 32943 
38647 0 38428 0 34974 36747 36843 35774 0 0 
44278 44378 40999 40948 0 40281 43550 44727 40819 43517 
0 0 46922 0 46160 49119 46988 46505 0 0 
0 54581 0 54258 55304 0 55087 52104 0 52316 
57463 56716 60060 57469 0 58444 59048 0 0 0 
64860 0 0 65067 0 65107 0 0 0 63843 
69493 0 0 67815 70198 69058 0 0 0 68752 
0 71016 0 0 71501 74540 72370 0 71280 0 
0 76659 78852 79792 78163 79009 78393 0 79438 0 
83175 83721 85083 84261 83541 83288 86310 85582 0 0 
0 89091 89602 0 0 87776 0 0 87574 0 
0 94606 96436 94508 0 97174 94457 95571 0 0 
101164 99812 99643 0 0 98423 102737 100528 0 0 
105333 0 106525 0 0 106691 106699 0 0 108120 
110907 109986 0 0 113299 0 0 112165 108943 112692 
0 0 115702 0 116118 116537 114354 0 117105 0 
0 0 24362 0 24392 26187 22165 0 24564 22417 
0 0 28302 30727 30402 27857 31127 27561 30870 30048 
35118 36992 35721 32896 35879 0 36941 35572 36360 0 
41566 38563 0 0 0 39046 0 38854 41901 0 
45595 0 0 44139 0 0 46830 0 44773 43864 
49436 0 50866 52003 49235 49669 50338 51953 50327 50173 
54618 56278 56142 0 0 55761 55504 55183 54806 0 
63949 63328 0 0 60429 61439 59824 61640 0 63074 
65320 0 0 0 67659 65891 67388 68666 68179 0 
70678 0 70851 73289 71575 70911 72950 72090 0 0 
0 0 6794 5369 5101 7993 6183 0 8359 9162 
12012 12199 0 10672 0 13446 11067 0 0 0 
18800 0 17812 16189 15860 0 19866 17899 19368 19438 
24404 21747 22283 24461 23075 23177 21689 23062 0 21262 
0 0 0 29810 30687 0 0 0 30033 30766 
0 0 35269 32482 35908 34265 0 34279 35083 35424 
39952 0 0 0 0 37883 0 41050 40031 37651 
46517 46105 0 0 43525 45477 44746 46163 46049 0 
51555 50335 52438 0 49076 0 0 48779 0 49109 
56974 0 0 0 0 53819 57392 0 53959 0 
5248 4349 2458 1503 4893 0 0 718 1990 3211 
6715 10197 10596 8345 7268 9688 6813 10784 9792 0 
11501 0 14341 12696 12079 14450 0 0 11810 14174 
18111 0 0 20681 20349 0 0 17966 17270 0 
0 0 25302 25995 23946 22910 0 0 0 22794 
0 31666 31869 28373 31609 30631 0 31557 29832 28752 
33945 36032 33551 36228 37034 0 0 0 34060 0 
41431 0 42946 38979 41931 39637 39845 0 41885 0 
47950 45758 45952 48179 45136 44270 44619 46967 46833 46963 
52702 52981 49955 53349 52451 0 0 0 53084 53077 
88125 91096 88991 87567 87495 0 0 0 0 88498 
95782 0 94240 94159 93511 0 92358 92682 94240 93917 
0 0 99157 0 97366 99057 97140 99814 97496 99757 
0 103896 104892 0 105434 103345 0 106831 103486 103235 
108301 0 108642 0 0 109030 110817 0 0 110792 
0 117637 0 0 114030 0 0 0 0 117981 
0 0 0 0 120165 0 0 0 121808 121592 
124791 128281 0 0 127314 128119 0 127592 125101 128354 
130336 134196 133954 131040 0 0 131504 133490 129711 0 
0 0 29239 29363 0 25168 25225 0 28122 0 
30740 0 31672 0 33895 32959 31638 33176 0 30791 
0 0 38982 36694 0 0 0 37830 40390 0 
42708 0 42960 42973 0 43663 0 0 0 0 
0 0 48468 0 48831 0 0 0 0 0 
52121 0 53953 53443 53829 55047 53591 0 0 56109 
0 61625 59726 58450 0 60722 58173 0 58066 0 
66560 0 0 62520 63478 0 0 66661 67202 0 
0 0 87581 0 87476 0 0 0 0 88519 
92100 0 0 91520 94458 92188 91285 0 91384 0 
100538 98601 97854 101005 99680 97287 0 0 97786 98316 
106024 0 103569 103056 103751 0 103471 0 105060 0 
0 0 108900 0 0 107937 107542 0 0 0 
115204 0 0 0 0 115441 0 112757 0 0 
120790 118823 0 0 119841 120053 0 0 0 121874 
0 125373 125013 124196 124689 0 124653 123785 0 0 
129690 128726 132006 129363 0 0 129110 128739 129995 0 
24116 25371 22108 25046 23775 24398 22663 0 0 24147 
0 0 29784 0 0 0 29786 28918 0 0 
36269 36454 35269 33394 0 33305 0 32273 35908 34255 
40224 0 39389 0 38882 0 41581 0 37283 40284 
0 44397 46324 45217 43753 0 0 44030 45081 0 
0 49678 50032 52846 49172 52030 0 48306 0 0 
0 53793 54598 0 53847 0 54070 0 54411 57575 
60989 60036 0 0 60406 59766 0 60049 63305 0 
0 66935 68965 0 65080 0 66446 65605 66951 68422 
0 19516 0 0 16788 16132 0 19497 19062 0 
0 0 0 22048 0 0 24673 22401 22954 23770 
0 30868 0 0 29306 29838 27540 27202 29079 28216 
32588 32872 0 34058 34550 0 34711 0 33439 32816 
0 40270 40282 40139 38676 38352 39184 40904 0 37846 
0 0 0 0 45118 43348 47426 45853 44702 43121 
48394 0 0 51712 48760 0 49271 52415 0 48722 
55120 0 54667 53792 0 56724 0 0 0 57976 
33809 32589 32585 32447 0 35716 0 35730 32887 35024 
0 40784 40300 41264 0 40199 41190 39201 40104 38188 
43384 45435 0 43680 0 42636 43728 45483 0 0 
50838 0 0 48753 50897 48214 48644 48561 48228 0 
0 54746 56427 57364 54124 53999 55444 0 0 0 
60172 61907 0 0 0 0 59917 62605 62084 0 
0 64033 64832 68022 66970 65056 67297 0 65449 64738 
69658 70109 72954 0 0 0 69983 70603 70456 0 
72309 0 70231 72064 0 0 71101 0 71237 0 
73764 0 76307 0 0 76666 76886 0 74118 0 
0 80262 0 79221 79143 0 78801 0 0 0 
88183 84753 0 0 86583 88532 88100 0 0 0 
0 93891 93639 89795 89718 0 0 89781 91576 91462 
95312 96611 95139 0 98842 0 0 95189 0 96482 
101022 102499 0 103585 0 0 0 0 104415 103203 
0 106269 108559 107463 108907 0 0 0 108549 108188 
111907 113806 0 112901 113919 111899 113848 0 0 0 
120397 119224 0 117837 0 118239 0 120070 0 0 
55618 56789 0 57341 0 57558 55622 54740 55560 0 
0 61947 60366 63198 0 62010 0 62263 0 0 
67450 0 0 0 0 65164 0 0 66148 0 
71421 0 70940 0 73483 73667 0 73439 0 70997 
75577 77411 0 79052 75976 0 76909 0 77784 77939 
83645 0 0 0 0 82068 0 83417 0 83855 
0 88051 0 88699 88620 86510 89120 89783 90005 86687 
0 92008 93061 0 0 96586 0 0 94370 0 
98081 0 101596 0 0 98885 98736 99883 99447 97851 
0 0 0 104680 0 106963 103454 105011 104482 0 
0 0 35173 0 35385 0 0 36859 34531 38146 
43258 0 42940 42195 41217 42304 0 0 39943 41017 
0 49115 49105 46532 46763 46693 0 46738 48780 48091 
0 52435 53620 54317 52658 51809 51466 0 53365 53881 
59775 56886 57586 57211 0 59245 58089 0 59094 57532 
63173 62767 0 63737 62824 0 0 0 65140 64144 
70942 0 66916 70165 68785 70684 0 0 71055 0 
72277 72848 0 74603 0 72010 0 0 0 0 
0 79510 81588 0 0 0 0 0 0 79324 
0 82909 0 85788 84229 83364 0 85838 85471 0 
0 0 14347 0 13010 0 14777 0 15010 14356 
0 21625 0 0 19715 0 22576 20072 0 0 
23712 25385 0 0 27142 24202 23928 23459 26129 0 
0 0 0 32702 0 0 33076 31710 0 0 
35065 0 38810 0 36674 35851 35104 37259 36100 0 
43679 43825 42331 0 0 42874 41879 0 0 0 
45568 48267 0 47138 48114 0 47534 48816 0 48107 
54642 0 0 0 0 54529 52869 53760 0 53640 
58100 0 0 0 56442 56667 57245 58857 0 57764 
63495 63265 0 0 0 0 0 0 0 0 
67529 0 0 71187 71456 67712 0 71934 0 70497 
76074 74976 75607 76750 72864 0 76678 0 76147 73758 
80248 78502 81418 82014 0 81221 79333 82267 82082 79630 
87515 86653 84622 0 86981 0 87207 84956 0 85134 
0 90270 92578 92948 90747 0 90909 89797 0 0 
95315 96679 96148 98005 99084 94618 0 98305 95182 0 
102738 0 0 104257 0 0 0 101206 0 103946 
0 0 0 107241 105825 105802 109160 0 0 108540 
0 45830 44613 42771 44075 0 0 44674 0 43291 
47837 0 48840 0 0 47643 0 50028 48989 47172 
0 0 53329 0 0 0 57103 0 52778 56064 
58478 58728 62411 0 58550 59456 60843 0 0 60338 
64966 0 64044 0 0 66557 0 67399 0 0 
0 71904 69736 69567 0 72778 69090 69129 0 0 
0 0 74514 74386 76323 0 0 75709 76747 0 
83921 80069 82679 0 0 83066 81794 0 84113 80264 
0 89503 86858 86504 0 89099 89081 0 0 89199 
0 16121 12869 14710 16755 16554 14098 16509 16068 0 
0 19297 0 0 0 18860 0 19731 20843 19976 
27011 27199 23862 25182 25302 24481 24333 24435 0 25650 
0 30422 29406 32662 32634 29651 0 0 0 30620 
37691 34058 38589 0 0 35289 0 0 0 0 
39804 0 0 40652 41506 0 0 41266 40916 0 
0 46087 46294 46431 47374 49405 48490 46755 0 0 
0 53656 0 0 0 53170 52191 52363 54561 54484 
0 55925 59572 55780 59289 0 55794 59794 59036 57113 
0 75319 71971 0 74219 72635 0 71326 74729 73388 
79913 81362 77275 79406 0 78689 0 79087 77097 0 
84260 86219 0 84662 0 85636 83491 86356 83173 0 
89441 87993 0 91174 0 90229 91765 89778 0 0 
93961 94639 0 96554 96613 97796 95862 0 97409 0 
0 99393 0 98858 98354 100284 99087 102156 99049 102460 
108110 104377 0 0 105659 104542 107045 105078 105321 0 
113433 0 109777 112122 0 110423 112386 110479 113963 111412 
0 117531 0 117329 0 0 117454 115382 115482 116165 
122614 124312 124003 0 121100 0 123037 120942 122962 123253 
53533 51450 55176 53802 55144 0 52397 51694 55135 53981 
60058 59243 0 0 0 0 0 0 59727 59365 
0 0 63542 0 63928 0 0 0 0 65467 
68053 0 0 67105 67981 0 67493 0 69079 69592 
73219 75816 76678 0 74945 74963 0 0 0 0 
0 0 80896 0 81616 0 78299 0 81446 0 
0 0 83486 83667 85216 84544 84809 0 84779 84124 
0 0 88547 0 92207 0 92956 92063 89662 0 
0 96148 95286 0 0 98420 98303 0 0 0 
55691 54336 0 53833 52800 0 51802 0 55527 52793 
0 58328 0 0 0 0 57409 60320 58484 0 
0 0 0 64125 0 63363 64131 0 0 0 
71791 0 69073 68001 70326 0 68380 69905 0 0 
76158 0 75860 75944 75509 0 0 77080 76812 0 
81087 79206 81171 0 0 0 0 0 80235 0 
0 0 84577 0 87296 85992 0 0 84207 0 
90550 93225 93669 0 91231 89783 92445 89928 0 93044 
0 0 98837 98930 0 95788 0 99125 97762 94954 
0 103957 104015 0 0 0 101276 0 0 102928 
the elevation angle  each lap of each rquirement(task) perfomed by each equipment: 
11 0 13 0 11 11 13 0 0 0 
12 11 0 0 11 0 0 0 0 0 
0 0 0 12 12 0 0 10 0 0 
11 11 13 0 12 0 12 0 11 14 
0 14 11 13 11 0 12 11 12 0 
14 0 12 0 0 0 12 12 10 0 
13 14 0 10 12 11 11 14 13 0 
0 10 0 14 0 11 0 12 0 13 
0 0 14 10 0 11 12 13 0 13 
0 14 10 0 0 14 14 0 12 11 
0 14 0 13 14 10 13 14 10 0 
0 14 0 10 0 0 11 11 0 0 
11 0 0 0 0 10 13 14 11 0 
11 13 10 0 12 13 12 0 11 10 
11 0 0 14 12 11 0 14 13 13 
12 10 10 13 14 0 13 0 0 12 
12 12 13 0 12 11 0 13 13 0 
14 0 10 0 13 0 10 12 13 11 
0 13 12 0 0 11 0 0 0 11 
0 0 10 13 11 0 13 11 11 0 
14 10 0 0 0 14 0 11 11 12 
0 0 10 0 0 14 10 0 10 0 
11 12 14 0 0 0 11 14 10 13 
12 12 0 10 12 14 13 11 11 0 
0 0 11 13 0 0 10 10 0 0 
0 0 0 13 0 0 14 0 14 14 
0 10 11 0 12 13 13 13 14 10 
11 12 12 0 14 12 0 12 0 0 
13 13 11 0 10 12 12 0 12 0 
11 14 0 0 10 10 13 0 0 0 
11 14 12 0 0 12 14 0 0 0 
0 10 11 12 13 11 11 0 14 0 
11 10 0 0 11 14 0 13 12 0 
0 0 11 0 14 0 13 14 0 0 
0 0 10 11 0 11 0 0 13 14 
12 14 0 14 13 10 11 0 10 10 
14 13 0 0 0 0 0 11 0 0 
0 10 12 0 14 0 0 0 13 14 
10 10 0 0 0 13 0 10 10 10 
12 0 14 11 14 10 0 14 13 12 
11 14 14 10 12 13 10 0 14 11 
12 12 0 13 0 13 12 11 14 0 
0 13 12 11 14 14 0 13 0 10 
13 14 0 11 14 13 0 0 11 0 
12 0 0 0 10 11 10 0 11 12 
13 13 11 11 12 12 0 11 0 13 
0 0 0 13 0 0 10 11 14 0 
0 12 11 0 13 0 0 0 14 0 
0 13 0 10 0 10 14 0 0 12 
0 11 0 14 12 13 0 0 11 0 
12 0 12 0 0 0 0 11 10 0 
0 12 0 0 0 12 0 0 13 12 
0 0 0 13 10 13 12 10 0 0 
13 0 13 10 0 12 14 0 13 0 
12 0 0 12 12 0 0 0 14 0 
10 10 10 12 11 11 13 11 14 14 
0 0 12 13 11 0 14 12 12 0 
0 12 0 12 12 13 13 0 0 14 
0 10 14 12 13 12 13 10 0 11 
12 0 14 0 14 14 12 12 0 0 
10 12 14 10 0 10 14 14 13 10 
0 0 10 0 10 11 10 10 0 0 
0 11 0 14 14 0 14 14 0 13 
10 11 13 10 0 10 14 0 0 0 
12 0 0 10 0 12 0 0 0 11 
13 0 0 10 11 11 0 0 0 14 
0 10 0 0 13 11 12 0 11 0 
0 11 13 10 12 13 12 0 11 0 
12 11 13 11 10 14 11 10 0 0 
0 12 12 0 0 13 0 0 11 0 
0 10 12 10 0 12 10 11 0 0 
13 13 14 0 0 13 11 10 0 0 
11 0 10 0 0 13 12 0 0 13 
14 11 0 0 11 0 0 10 13 11 
0 0 12 0 10 14 10 0 10 0 
0 0 13 0 12 10 11 0 11 10 
0 0 12 12 11 14 11 13 13 10 
12 10 12 10 13 0 11 13 12 0 
12 14 0 0 0 13 0 12 11 0 
13 0 0 14 0 0 14 0 14 11 
10 0 13 11 11 13 10 13 12 13 
12 13 13 0 0 10 14 13 12 0 
10 13 0 0 13 14 12 11 0 10 
12 0 0 0 10 11 14 12 14 0 
12 0 11 13 13 11 14 10 0 0 
0 0 14 13 10 12 13 0 14 10 
12 11 0 10 0 10 12 0 0 0 
13 0 12 11 10 0 13 14 14 12 
14 10 12 14 14 12 11 12 0 12 
0 0 0 14 11 0 0 0 10 10 
0 0 13 13 12 10 0 10 12 13 
11 0 0 0 0 13 0 11 13 10 
13 10 0 0 11 10 10 13 12 0 
11 14 11 0 10 0 0 14 0 14 
10 0 0 0 0 10 13 0 12 0 
13 10 11 13 11 0 0 14 13 11 
14 12 13 13 12 11 11 13 12 0 
13 0 13 12 12 13 0 0 13 10 
14 0 0 11 14 0 0 10 10 0 
0 0 11 14 12 14 0 0 0 11 
0 10 10 13 14 10 0 13 13 12 
10 12 10 12 12 0 0 0 11 0 
14 0 10 11 12 13 13 0 12 0 
10 10 14 11 12 10 13 10 13 14 
10 14 13 12 13 0 0 0 10 10 
12 14 14 12 10 0 0 0 0 13 
10 0 13 11 12 0 14 12 12 10 
0 0 11 0 14 12 11 11 12 13 
0 14 10 0 12 10 0 14 10 13 
13 0 10 0 0 10 14 0 0 11 
0 12 0 0 10 0 0 0 0 13 
0 0 0 0 12 0 0 0 13 12 
14 11 0 0 12 10 0 12 10 14 
12 13 10 10 0 0 14 12 10 0 
0 0 12 11 0 14 10 0 12 0 
13 0 13 0 14 12 12 10 0 14 
0 0 11 10 0 0 0 12 10 0 
10 0 13 12 0 10 0 0 0 0 
0 0 12 0 14 0 0 0 0 0 
13 0 10 14 12 13 14 0 0 13 
0 14 11 14 0 13 13 0 13 0 
11 0 0 12 14 0 0 12 14 0 
0 0 11 0 10 0 0 0 0 11 
14 0 0 10 11 12 11 0 12 0 
11 13 14 10 11 13 0 0 10 10 
12 0 10 11 13 0 12 0 14 0 
0 0 14 0 0 13 14 0 0 0 
11 0 0 0 0 14 0 10 0 0 
10 11 0 0 12 13 0 0 0 13 
0 10 12 13 14 0 14 14 0 0 
10 14 14 12 0 0 12 13 13 0 
13 12 13 14 13 13 11 0 0 14 
0 0 14 0 0 0 12 14 0 0 
12 11 14 13 0 12 0 10 13 14 
10 0 14 0 11 0 14 0 12 10 
0 13 10 12 10 0 0 13 10 0 
0 11 13 11 12 14 0 13 0 0 
0 14 12 0 11 0 11 0 12 14 
12 13 0 0 11 13 0 11 10 0 
0 11 10 0 14 0 12 11 11 11 
0 14 0 0 11 14 0 12 14 0 
0 0 0 13 0 0 13 10 14 13 
0 10 0 0 13 13 11 12 14 13 
13 13 0 14 13 0 12 0 12 12 
0 11 14 13 12 11 13 14 0 10 
0 0 0 0 12 10 13 13 11 11 
11 0 0 10 13 0 11 12 0 10 
14 0 14 14 0 11 0 0 0 10 
14 14 12 11 0 14 0 13 13 10 
0 13 13 12 0 12 10 10 12 11 
13 10 0 12 0 12 12 12 0 0 
10 0 0 12 14 14 10 14 11 0 
0 14 14 11 11 13 13 0 0 0 
14 10 0 0 0 0 11 10 12 0 
0 14 12 10 12 11 10 0 13 10 
14 14 10 0 0 0 13 12 12 0 
14 0 14 10 0 0 10 0 10 0 
10 0 14 0 0 13 13 0 11 0 
0 13 0 12 13 0 13 0 0 0 
10 13 0 0 14 14 11 0 0 0 
0 11 11 14 14 0 0 14 12 14 
12 12 13 0 13 0 0 12 0 14 
10 11 0 12 0 0 0 0 14 12 
0 13 12 12 12 0 0 0 10 13 
10 13 0 12 11 11 11 0 0 0 
14 14 0 11 0 12 0 14 0 0 
10 13 0 12 0 10 12 10 13 0 
0 12 13 11 0 12 0 13 0 0 
12 0 0 0 0 14 0 0 14 0 
12 0 13 0 13 10 0 10 0 11 
14 10 0 11 10 0 13 0 10 11 
13 0 0 0 0 10 0 11 0 10 
0 11 0 10 14 10 10 14 12 12 
0 13 12 0 0 14 0 0 10 0 
14 0 13 0 0 11 14 14 10 14 
0 0 0 11 0 14 11 12 10 0 
0 0 11 0 11 0 0 12 14 12 
11 0 14 13 11 13 0 0 13 10 
0 12 14 13 10 10 0 12 12 10 
0 11 10 13 13 11 12 0 13 13 
10 11 12 11 0 10 12 0 10 14 
12 14 0 11 13 0 0 0 14 12 
14 0 11 12 10 12 0 0 14 0 
11 12 0 10 0 14 0 0 0 0 
0 13 14 0 0 0 0 0 0 12 
0 13 0 13 12 14 0 14 14 0 
0 0 10 0 10 0 12 0 13 13 
0 10 0 0 11 0 12 11 0 0 
10 12 0 0 10 11 13 10 13 0 
0 0 0 13 0 0 14 14 0 0 
12 0 12 0 10 10 13 12 12 0 
10 12 14 0 0 13 13 0 0 0 
14 10 0 13 11 0 10 11 0 11 
11 0 0 0 0 14 10 12 0 14 
13 0 0 0 14 14 13 14 0 10 
11 10 0 0 0 0 0 0 0 0 
14 0 0 11 11 11 0 10 0 13 
13 13 10 10 13 0 12 0 10 11 
10 12 10 13 0 13 10 12 11 12 
11 10 10 0 13 0 10 11 0 12 
0 12 12 13 10 0 11 13 0 0 
12 10 11 13 13 11 0 13 10 0 
10 0 0 10 0 0 0 14 0 14 
0 0 0 13 11 12 11 0 0 12 
0 10 10 10 11 0 0 10 0 12 
12 0 10 0 0 13 0 11 11 14 
0 0 10 0 0 0 11 0 13 10 
14 13 13 0 12 10 14 0 0 14 
13 0 14 0 0 12 0 13 0 0 
0 10 10 12 0 13 11 13 0 0 
0 0 14 12 12 0 0 12 10 0 
14 14 13 0 0 13 10 0 12 13 
0 12 13 11 0 10 14 0 0 13 
0 10 13 13 14 14 10 14 13 0 
0 12 0 0 0 13 0 12 10 10 
12 12 11 11 14 10 10 14 0 11 
0 14 14 11 12 14 0 0 0 13 
14 13 12 0 0 10 0 0 0 0 
12 0 0 11 13 0 0 11 10 0 
0 14 13 10 13 14 13 11 0 0 
0 12 0 0 0 11 11 11 14 14 
0 12 10 13 13 0 12 13 12 13 
0 14 10 0 13 12 0 10 11 12 
13 13 10 13 0 13 0 13 10 0 
13 10 0 14 0 11 13 11 11 0 
14 12 0 13 0 14 10 12 0 0 
11 14 0 12 13 11 12 0 10 0 
0 13 0 11 10 12 14 14 11 11 
10 10 0 0 14 11 10 12 14 0 
14 0 14 11 0 10 13 12 11 10 
0 14 0 13 0 0 13 10 11 10 
11 11 13 0 14 0 12 13 10 12 
11 12 12 14 14 0 10 12 13 10 
13 14 0 0 0 0 0 0 11 14 
0 0 10 0 14 0 0 0 0 14 
10 0 0 13 10 0 11 0 12 11 
12 13 11 0 10 11 0 0 0 0 
0 0 10 0 14 0 11 0 14 0 
0 0 12 12 10 11 11 0 13 11 
0 0 11 0 10 0 14 10 12 0 
0 13 11 0 0 11 14 0 0 0 
13 14 0 13 13 0 10 0 12 11 
0 12 0 0 0 0 14 14 13 0 
0 0 0 13 0 11 12 0 0 0 
11 0 13 13 11 0 13 14 0 0 
10 0 12 10 13 0 0 11 12 0 
13 14 13 0 0 0 0 0 14 0 
0 0 14 0 13 12 0 0 12 0 
10 14 13 0 10 10 12 13 0 13 
0 0 14 10 0 14 0 11 14 14 
0 12 10 0 0 0 10 0 0 13 
最小跟踪时长约束: 
1028 0 1084 0 1092 1036 1056 0 0 0 
1048 1030 0 0 1038 0 0 0 0 0 
0 0 0 1052 1053 0 0 1097 0 0 
1005 1094 1030 0 1000 0 1007 0 1089 1054 
0 1098 1064 1079 1039 0 1052 1027 1052 0 
1095 0 1020 0 0 0 1021 1004 1013 0 
1029 1045 0 1020 1023 1043 1026 1073 1005 0 
0 1085 0 1081 0 1078 0 1087 0 1097 
0 0 1066 1027 0 1099 1052 1075 0 1002 
0 1001 1059 0 0 1070 1020 0 1082 1037 
0 1044 0 1059 1062 1030 1095 1075 1053 0 
0 1087 0 1041 0 0 1079 1012 0 0 
1031 0 0 0 0 1089 1050 1017 1046 0 
1002 1085 1008 0 1044 1038 1014 0 1056 1068 
1009 0 0 1021 1045 1057 0 1045 1042 1079 
1044 1084 1035 1083 1063 0 1043 0 0 1051 
1052 1070 1050 0 1044 1030 0 1041 1034 0 
1085 0 1042 0 1025 0 1082 1035 1092 1034 
0 1089 1073 0 0 1064 0 0 0 1007 
0 0 1054 1086 1051 0 1060 1078 1042 0 
1094 1033 0 0 0 1026 0 1095 1000 1020 
0 0 1096 0 0 1033 1036 0 1029 0 
1075 1027 1057 0 0 0 1091 1092 1040 1021 
1062 1037 0 1066 1080 1066 1044 1087 1010 0 
0 0 1015 1005 0 0 1021 1045 0 0 
0 0 0 1039 0 0 1044 0 1078 1079 
0 1016 1027 0 1003 1088 1098 1076 1016 1045 
1003 1093 1057 0 1037 1038 0 1020 0 0 
1007 1078 1008 0 1058 1062 1046 0 1077 0 
1087 1029 0 0 1023 1054 1088 0 0 0 
1023 1056 1003 0 0 1048 1005 0 0 0 
0 1063 1056 1078 1064 1087 1004 0 1095 0 
1088 1033 0 0 1081 1087 0 1037 1014 0 
0 0 1073 0 1066 0 1000 1086 0 0 
0 0 1008 1077 0 1018 0 0 1032 1007 
1025 1005 0 1016 1077 1011 1071 0 1013 1096 
1045 1003 0 0 0 0 0 1092 0 0 
0 1042 1052 0 1060 0 0 0 1069 1013 
1086 1069 0 0 0 1073 0 1011 1018 1051 
1000 0 1062 1065 1033 1063 0 1058 1067 1074 
1072 1064 1055 1046 1085 1056 1051 0 1085 1007 
1098 1088 0 1017 0 1096 1010 1024 1090 0 
0 1006 1032 1013 1004 1085 0 1021 0 1017 
1059 1067 0 1067 1046 1014 0 0 1015 0 
1070 0 0 0 1044 1082 1008 0 1028 1032 
1012 1042 1078 1064 1066 1061 0 1093 0 1016 
0 0 0 1018 0 0 1085 1020 1011 0 
0 1059 1034 0 1078 0 0 0 1023 0 
0 1068 0 1005 0 1062 1025 0 0 1002 
0 1059 0 1025 1096 1077 0 0 1092 0 
1048 0 1059 0 0 0 0 1002 1074 0 
0 1047 0 0 0 1069 0 0 1060 1048 
0 0 0 1025 1005 1093 1069 1000 0 0 
1058 0 1070 1021 0 1016 1005 0 1021 0 
1057 0 0 1067 1057 0 0 0 1029 0 
1018 1040 1021 1095 1048 1008 1024 1020 1032 1080 
0 0 1041 1079 1040 0 1072 1070 1069 0 
0 1077 0 1091 1079 1054 1018 0 0 1013 
0 1038 1070 1079 1093 1037 1003 1044 0 1087 
1014 0 1084 0 1022 1009 1026 1034 0 0 
1006 1092 1062 1067 0 1082 1037 1026 1097 1073 
0 0 1092 0 1026 1087 1023 1093 0 0 
0 1093 0 1018 1063 0 1022 1067 0 1005 
1082 1040 1012 1081 0 1093 1025 0 0 0 
1051 0 0 1092 0 1071 0 0 0 1046 
1036 0 0 1028 1006 1052 0 0 0 1000 
0 1072 0 0 1010 1016 1089 0 1018 0 
0 1041 1099 1089 1051 1092 1035 0 1060 0 
1063 1026 1024 1014 1059 1072 1057 1077 0 0 
0 1076 1005 0 0 1043 0 0 1011 0 
0 1073 1059 1082 0 1086 1092 1014 0 0 
1005 1089 1081 0 0 1095 1097 1046 0 0 
1020 0 1008 0 0 1053 1001 0 0 1064 
1006 1073 0 0 1040 0 0 1016 1026 1018 
0 0 1006 0 1044 1072 1004 0 1053 0 
0 0 1083 0 1045 1035 1067 0 1076 1036 
0 0 1035 1053 1059 1003 1035 1031 1005 1003 
1048 1022 1022 1006 1053 0 1059 1018 1071 0 
1082 1092 0 0 0 1074 0 1015 1042 0 
1060 0 0 1001 0 0 1086 0 1057 1031 
1014 0 1011 1002 1011 1076 1065 1003 1052 1067 
1074 1030 1059 0 0 1081 1013 1021 1049 0 
1089 1099 0 0 1033 1054 1074 1009 0 1028 
1020 0 0 0 1055 1077 1066 1084 1065 0 
1034 0 1012 1016 1022 1033 1080 1062 0 0 
0 0 1077 1021 1080 1076 1070 0 1026 1046 
1088 1008 0 1053 0 1055 1030 0 0 0 
1063 0 1083 1095 1032 0 1015 1055 1089 1005 
1050 1096 1099 1009 1097 1020 1020 1016 0 1038 
0 0 0 1006 1072 0 0 0 1028 1012 
0 0 1070 1040 1020 1099 0 1058 1011 1099 
1046 0 0 0 0 1067 0 1079 1078 1035 
1086 1048 0 0 1097 1053 1061 1038 1031 0 
1059 1052 1021 0 1023 0 0 1024 0 1096 
1082 0 0 0 0 1046 1006 0 1057 0 
1024 1042 1008 1019 1076 0 0 1093 1031 1036 
1088 1059 1083 1015 1005 1080 1034 1036 1068 0 
1010 0 1065 1095 1026 1089 0 0 1035 1030 
1080 0 0 1043 1062 0 0 1094 1090 0 
0 0 1062 1083 1080 1010 0 0 0 1060 
0 1021 1028 1039 1039 1017 0 1091 1010 1057 
1004 1038 1065 1097 1006 0 0 0 1057 0 
1035 0 1022 1085 1073 1067 1012 0 1033 0 
1072 1028 1037 1027 1067 1052 1098 1000 1066 1047 
1098 1035 1037 1031 1077 0 0 0 1089 1019 
1049 1013 1052 1094 1047 0 0 0 0 1029 
1038 0 1010 1032 1079 0 1080 1063 1083 1075 
0 0 1094 0 1059 1052 1064 1096 1077 1095 
0 1087 1001 0 1043 1087 0 1090 1027 1070 
1038 0 1036 0 0 1060 1079 0 0 1009 
0 1030 0 0 1067 0 0 0 0 1056 
0 0 0 0 1086 0 0 0 1083 1066 
1017 1012 0 0 1010 1007 0 1009 1027 1091 
1064 1036 1077 1013 0 0 1036 1073 1073 0 
0 0 1012 1010 0 1031 1081 0 1035 0 
1004 0 1099 0 1037 1051 1049 1069 0 1066 
0 0 1072 1018 0 0 0 1013 1044 0 
1075 0 1035 1068 0 1031 0 0 0 0 
0 0 1074 0 1020 0 0 0 0 0 
1011 0 1031 1016 1073 1013 1063 0 0 1024 
0 1079 1052 1016 0 1023 1028 0 1086 0 
1059 0 0 1083 1067 0 0 1013 1088 0 
0 0 1095 0 1088 0 0 0 0 1080 
1067 0 0 1060 1064 1003 1031 0 1031 0 
1000 1053 1049 1084 1034 1013 0 0 1051 1045 
1057 0 1000 1042 1096 0 1022 0 1092 0 
0 0 1049 0 0 1080 1034 0 0 0 
1032 0 0 0 0 1043 0 1011 0 0 
1046 1014 0 0 1039 1051 0 0 0 1089 
0 1004 1093 1074 1033 0 1012 1080 0 0 
1076 1029 1058 1094 0 0 1015 1093 1011 0 
1027 1078 1034 1071 1082 1053 1048 0 0 1023 
0 0 1012 0 0 0 1052 1017 0 0 
1021 1098 1018 1031 0 1055 0 1089 1044 1009 
1034 0 1065 0 1081 0 1074 0 1042 1074 
0 1085 1003 1038 1030 0 0 1025 1070 0 
0 1082 1018 1097 1066 1032 0 1050 0 0 
0 1076 1009 0 1051 0 1000 0 1011 1048 
1005 1060 0 0 1096 1042 0 1005 1060 0 
0 1069 1015 0 1024 0 1068 1074 1002 1079 
0 1087 0 0 1067 1045 0 1076 1028 0 
0 0 0 1002 0 0 1028 1084 1006 1015 
0 1025 0 0 1026 1056 1037 1050 1006 1095 
1040 1071 0 1004 1097 0 1095 0 1058 1014 
0 1058 1031 1084 1063 1097 1037 1025 0 1022 
0 0 0 0 1041 1041 1091 1058 1025 1091 
1031 0 0 1095 1057 0 1027 1029 0 1053 
1042 0 1063 1042 0 1027 0 0 0 1063 
1060 1046 1035 1017 0 1085 0 1055 1015 1044 
0 1042 1074 1007 0 1079 1009 1012 1086 1013 
1001 1021 0 1035 0 1029 1024 1068 0 0 
1001 0 0 1092 1027 1008 1020 1021 1075 0 
0 1017 1038 1025 1002 1042 1012 0 0 0 
1027 1062 0 0 0 0 1037 1089 1097 0 
0 1053 1087 1077 1077 1022 1062 0 1005 1003 
1011 1096 1087 0 0 0 1084 1060 1054 0 
1044 0 1082 1091 0 0 1001 0 1097 0 
1008 0 1048 0 0 1007 1078 0 1057 0 
0 1003 0 1006 1020 0 1008 0 0 0 
1079 1000 0 0 1035 1051 1025 0 0 0 
0 1035 1023 1028 1065 0 0 1067 1058 1059 
1049 1084 1098 0 1005 0 0 1048 0 1037 
1047 1089 0 1032 0 0 0 0 1029 1019 
0 1025 1083 1033 1037 0 0 0 1083 1038 
1098 1072 0 1076 1015 1005 1064 0 0 0 
1024 1057 0 1076 0 1031 0 1000 0 0 
1018 1080 0 1009 0 1053 1024 1067 1012 0 
0 1078 1027 1090 0 1045 0 1091 0 0 
1002 0 0 0 0 1086 0 0 1086 0 
1058 0 1039 0 1083 1050 0 1018 0 1028 
1023 1046 0 1051 1071 0 1008 0 1006 1090 
1058 0 0 0 0 1080 0 1083 0 1037 
0 1016 0 1051 1034 1040 1094 1071 1045 1053 
0 1094 1080 0 0 1060 0 0 1053 0 
1096 0 1051 0 0 1099 1068 1097 1099 1037 
0 0 0 1028 0 1064 1060 1024 1053 0 
0 0 1039 0 1055 0 0 1004 1007 1007 
1095 0 1065 1046 1020 1058 0 0 1061 1029 
0 1023 1035 1005 1023 1068 0 1039 1059 1063 
0 1050 1073 1088 1083 1029 1091 0 1035 1099 
1080 1005 1049 1041 0 1034 1092 0 1086 1020 
1029 1011 0 1056 1077 0 0 0 1081 1005 
1034 0 1021 1079 1007 1072 0 0 1048 0 
1062 1023 0 1094 0 1057 0 0 0 0 
0 1074 1054 0 0 0 0 0 0 1086 
0 1035 0 1066 1094 1026 0 1072 1013 0 
0 0 1031 0 1097 0 1044 0 1029 1090 
0 1060 0 0 1028 0 1084 1034 0 0 
1003 1044 0 0 1008 1059 1078 1025 1004 0 
0 0 0 1048 0 0 1055 1023 0 0 
1044 0 1053 0 1065 1094 1013 1033 1021 0 
1092 1093 1040 0 0 1043 1070 0 0 0 
1013 1017 0 1075 1094 0 1023 1050 0 1050 
1017 0 0 0 0 1043 1011 1020 0 1068 
1033 0 0 0 1048 1067 1048 1085 0 1065 
1060 1050 0 0 0 0 0 0 0 0 
1073 0 0 1076 1020 1020 0 1030 0 1066 
1026 1025 1089 1054 1002 0 1043 0 1000 1027 
1029 1059 1001 1099 0 1096 1057 1051 1003 1086 
1073 1079 1060 0 1090 0 1013 1080 0 1038 
0 1064 1063 1066 1069 0 1091 1033 0 0 
1051 1054 1091 1075 1055 1055 0 1068 1085 0 
1069 0 0 1033 0 0 0 1062 0 1075 
0 0 0 1079 1029 1022 1073 0 0 1023 
0 1081 1077 1082 1058 0 0 1048 0 1020 
1059 0 1086 0 0 1000 0 1040 1003 1062 
0 0 1067 0 0 0 1058 0 1082 1016 
1004 1046 1055 0 1018 1059 1019 0 0 1086 
1057 0 1020 0 0 1082 0 1085 0 0 
0 1088 1088 1064 0 1077 1020 1061 0 0 
0 0 1037 1061 1075 0 0 1023 1011 0 
1015 1010 1022 0 0 1090 1046 0 1094 1070 
0 1049 1075 1038 0 1072 1049 0 0 1042 
0 1059 1043 1053 1048 1040 1083 1025 1099 0 
0 1056 0 0 0 1025 0 1010 1065 1041 
1003 1074 1072 1094 1093 1033 1065 1033 0 1088 
0 1088 1036 1081 1070 1045 0 0 0 1099 
1037 1027 1058 0 0 1023 0 0 0 0 
1086 0 0 1078 1012 0 0 1095 1001 0 
0 1095 1063 1063 1069 1047 1097 1088 0 0 
0 1091 0 0 0 1016 1096 1020 1030 1095 
0 1072 1041 1074 1095 0 1037 1088 1004 1056 
0 1004 1000 0 1036 1012 0 1063 1017 1062 
1096 1058 1041 1032 0 1042 0 1033 1094 0 
1064 1054 0 1007 0 1052 1085 1047 1012 0 
1077 1028 0 1056 0 1062 1066 1062 0 0 
1018 1004 0 1024 1066 1079 1035 0 1008 0 
0 1040 0 1083 1022 1047 1075 1058 1065 1017 
1031 1055 0 0 1001 1047 1044 1047 1010 0 
1011 0 1076 1061 0 1056 1083 1088 1068 1054 
0 1081 0 1000 0 0 1041 1059 1094 1061 
1015 1031 1040 0 1020 0 1009 1022 1074 1039 
1087 1027 1038 1003 1007 0 1036 1044 1058 1081 
1020 1010 0 0 0 0 0 0 1060 1028 
0 0 1001 0 1049 0 0 0 0 1033 
1020 0 0 1047 1079 0 1061 0 1029 1033 
1027 1070 1037 0 1098 1032 0 0 0 0 
0 0 1061 0 1001 0 1051 0 1094 0 
0 0 1087 1067 1015 1077 1095 0 1020 1002 
0 0 1079 0 1025 0 1076 1003 1044 0 
0 1040 1070 0 0 1020 1025 0 0 0 
1011 1090 0 1055 1042 0 1033 0 1025 1094 
0 1015 0 0 0 0 1003 1080 1094 0 
0 0 0 1008 0 1050 1051 0 0 0 
1061 0 1007 1082 1075 0 1053 1090 0 0 
1060 0 1021 1068 1014 0 0 1011 1017 0 
1073 1031 1057 0 0 0 0 0 1015 0 
0 0 1079 0 1093 1095 0 0 1057 0 
1009 1034 1035 0 1013 1006 1089 1060 0 1072 
0 0 1090 1075 0 1084 0 1027 1072 1048 
0 1005 1086 0 0 0 1013 0 0 1021 
最小跟踪时长约束: 
3 0 2 0 0 5 2 0 0 0 
3 0 0 0 3 0 0 0 0 0 
0 0 0 2 7 0 0 0 0 0 
0 3 0 0 9 0 3 0 9 3 
0 5 1 8 0 0 3 9 5 0 
0 0 0 0 0 0 2 7 8 0 
7 3 0 8 2 2 2 3 4 0 
0 5 0 2 0 2 0 0 0 7 
0 0 3 2 0 7 5 9 0 7 
0 4 5 0 0 1 6 0 5 5 
0 6 0 6 9 1 4 8 9 0 
0 9 0 3 0 0 3 6 0 0 
9 0 0 0 0 5 4 5 6 0 
8 6 8 0 6 0 9 0 1 9 
4 0 0 8 9 4 0 0 8 5 
1 1 2 3 9 0 6 0 0 8 
2 3 6 0 3 8 0 4 2 0 
0 0 3 0 7 0 2 9 7 6 
0 7 9 0 0 5 0 0 0 1 
0 0 6 7 5 0 4 4 5 0 
0 3 0 0 0 3 0 2 8 4 
0 0 4 0 0 5 8 0 5 0 
7 4 2 0 0 0 3 5 2 4 
1 7 0 1 5 0 4 9 9 0 
0 0 2 8 0 0 2 0 0 0 
0 0 0 4 0 0 2 0 5 5 
0 5 8 0 9 6 5 2 2 6 
1 5 1 0 1 1 0 2 0 0 
7 4 8 0 7 3 7 0 0 0 
3 3 0 0 1 0 1 0 0 0 
1 4 6 0 0 0 7 0 0 0 
0 7 7 6 0 9 4 0 8 0 
0 2 0 0 6 3 0 5 1 0 
0 0 8 0 6 0 6 6 0 0 
0 0 0 4 0 2 0 0 6 7 
8 0 0 7 0 7 1 0 7 3 
8 1 0 0 0 0 0 3 0 0 
0 1 3 0 4 0 0 0 6 4 
6 0 0 0 0 0 0 4 0 9 
2 0 0 4 1 1 0 1 9 9 
1 5 5 6 0 9 6 0 0 9 
4 1 0 2 0 4 9 9 1 0 
0 3 2 4 1 6 0 5 0 3 
6 6 0 3 2 9 0 0 4 0 
6 0 0 0 0 9 2 0 0 2 
3 2 7 3 1 8 0 1 0 5 
0 0 0 7 0 0 6 4 8 0 
0 6 4 0 0 0 0 0 5 0 
0 1 0 6 0 7 8 0 0 4 
0 6 0 5 6 8 0 0 3 0 
3 0 5 0 0 0 0 9 1 0 
0 4 0 0 0 9 0 0 8 9 
0 0 0 6 8 5 0 8 0 0 
2 0 9 5 0 2 4 0 5 0 
3 0 0 8 8 0 0 0 8 0 
0 2 3 2 3 6 5 7 4 0 
0 0 3 4 7 0 5 8 4 0 
0 4 0 0 5 9 5 0 0 2 
0 5 5 4 8 5 2 9 0 5 
9 0 7 0 6 0 8 0 0 0 
5 6 5 0 0 5 8 6 1 9 
0 0 3 0 4 6 5 7 0 0 
0 7 0 0 9 0 4 2 0 7 
4 5 9 4 0 4 2 0 0 0 
6 0 0 4 0 2 0 0 0 5 
8 0 0 5 4 9 0 0 0 0 
0 4 0 0 6 7 8 0 9 0 
0 8 9 8 3 1 3 0 0 0 
9 8 8 5 6 1 7 6 0 0 
0 2 8 0 0 1 0 0 6 0 
0 4 6 6 0 7 5 2 0 0 
8 3 2 0 0 5 3 4 0 0 
6 0 8 0 0 9 4 0 0 1 
7 6 0 0 4 0 0 5 0 1 
0 0 1 0 4 4 0 0 9 0 
0 0 8 0 9 7 1 0 0 3 
0 0 6 7 3 1 9 0 8 8 
0 3 9 7 2 0 8 6 7 0 
7 4 0 0 0 4 0 7 9 0 
6 0 0 3 0 0 4 0 6 3 
2 0 4 6 3 5 2 5 3 6 
6 7 1 0 0 3 5 2 5 0 
9 7 0 0 1 5 3 0 0 8 
4 0 0 0 9 4 6 7 0 0 
3 0 1 4 7 8 4 3 0 0 
0 0 8 8 4 0 5 0 4 5 
9 1 0 0 0 2 2 0 0 0 
9 0 8 8 3 0 4 9 1 1 
1 0 6 7 6 4 8 0 0 1 
0 0 0 2 9 0 0 0 3 7 
0 0 3 3 2 7 0 8 0 0 
9 0 0 0 0 9 0 3 4 6 
0 7 0 0 6 6 5 2 9 0 
9 3 9 0 7 0 0 5 0 2 
8 0 0 0 0 4 1 0 6 0 
1 9 3 7 8 0 0 5 0 9 
3 7 1 0 3 3 7 9 7 0 
4 0 6 6 9 2 0 0 6 0 
7 0 0 9 7 0 0 1 7 0 
0 0 8 7 0 4 0 0 0 0 
0 0 9 1 4 7 0 3 2 6 
0 7 9 0 1 0 0 0 9 0 
1 0 0 7 4 8 9 0 7 0 
2 2 4 5 5 2 2 5 7 1 
8 5 6 9 9 0 0 0 7 4 
0 3 1 9 1 0 0 0 0 8 
2 0 0 1 7 0 8 8 9 2 
0 0 1 0 3 5 7 7 7 9 
0 9 8 0 2 4 0 0 6 3 
2 0 8 0 0 9 8 0 0 0 
0 9 0 0 3 0 0 0 0 9 
0 0 0 0 9 0 0 0 1 7 
5 8 0 0 7 1 0 7 5 1 
9 2 0 0 0 0 2 2 6 0 
0 0 3 3 0 3 4 0 2 0 
6 0 8 0 7 5 2 2 0 4 
0 0 4 9 0 0 0 3 3 0 
7 0 9 9 0 4 0 0 0 0 
0 0 4 0 1 0 0 0 0 0 
8 0 6 7 2 3 6 0 0 7 
0 8 9 9 0 6 4 0 5 0 
6 0 0 0 4 0 0 3 7 0 
0 0 1 0 3 0 0 0 0 7 
3 0 0 0 7 8 3 0 5 0 
1 9 1 0 6 9 0 0 7 3 
6 0 5 6 9 0 3 0 1 0 
0 0 2 0 0 1 3 0 0 0 
7 0 0 0 0 0 0 7 0 0 
9 8 0 0 2 7 0 0 0 7 
0 8 5 6 8 0 5 0 0 0 
5 6 7 7 0 0 2 2 8 0 
7 5 8 7 8 4 2 0 0 0 
0 0 8 0 0 0 2 9 0 0 
1 8 5 0 0 4 0 7 9 1 
9 0 4 0 7 0 8 0 8 2 
0 3 3 5 8 0 0 9 4 0 
0 3 0 7 9 1 0 8 0 0 
0 0 0 0 8 0 3 0 2 8 
4 2 0 0 3 7 0 4 1 0 
0 5 8 0 2 0 2 2 4 0 
0 6 0 0 8 7 0 2 0 0 
0 0 0 9 0 0 9 6 6 1 
0 8 0 0 6 1 8 1 0 0 
7 7 0 9 6 0 5 0 1 3 
0 9 3 4 8 2 4 6 0 3 
0 0 0 0 5 2 3 1 7 6 
7 0 0 7 6 0 3 4 0 9 
4 0 7 9 0 1 0 0 0 8 
9 5 4 9 0 5 0 1 6 8 
0 0 8 0 0 4 6 3 2 1 
3 2 0 3 0 9 6 0 0 0 
7 0 0 3 2 3 0 5 8 0 
0 5 7 3 5 1 4 0 0 0 
4 2 0 0 0 0 0 1 2 0 
0 7 3 1 9 1 4 0 4 5 
8 0 4 0 0 0 1 1 5 0 
5 0 9 7 0 0 0 0 5 0 
3 0 3 0 0 3 9 0 9 0 
0 9 0 2 2 0 1 0 0 0 
2 2 0 0 2 0 2 0 0 0 
0 0 7 0 8 0 0 0 3 2 
4 6 8 0 3 0 0 0 0 5 
2 9 0 6 0 0 0 0 1 9 
0 2 6 8 4 0 0 0 0 7 
3 2 0 5 7 9 3 0 0 0 
8 3 0 0 0 2 0 7 0 0 
8 6 0 6 0 3 5 3 3 0 
0 7 6 8 0 2 0 3 0 0 
1 0 0 0 0 1 0 0 5 0 
2 0 7 0 5 0 0 8 0 4 
9 0 0 2 0 0 5 0 0 8 
2 0 0 0 0 8 0 6 0 5 
0 7 0 0 8 7 7 8 1 7 
0 1 3 0 0 0 0 0 5 0 
0 0 4 0 0 4 9 0 9 2 
0 0 0 4 0 8 6 5 8 0 
0 0 5 0 8 0 0 4 2 5 
5 0 3 9 5 5 0 0 3 4 
0 8 2 0 5 5 0 6 6 9 
0 0 9 1 9 1 1 0 1 0 
3 7 2 1 0 0 9 0 0 2 
9 9 0 7 6 0 0 0 2 0 
2 0 9 2 2 8 0 0 9 0 
7 1 0 1 0 3 0 0 0 0 
0 8 1 0 0 0 0 0 0 4 
0 8 0 0 2 7 0 9 6 0 
0 0 5 0 4 0 4 0 4 8 
0 0 0 0 2 0 5 1 0 0 
4 3 0 0 5 4 3 6 6 0 
0 0 0 7 0 0 5 5 0 0 
5 0 4 0 2 3 8 9 3 0 
8 9 3 0 0 8 1 0 0 0 
6 9 0 0 7 0 5 0 0 6 
2 0 0 0 0 3 9 0 0 4 
7 0 0 0 2 7 7 9 0 7 
9 6 0 0 0 0 0 0 0 0 
7 0 0 9 3 3 0 6 0 2 
7 0 2 6 3 0 1 0 7 2 
2 1 6 4 0 0 4 9 9 5 
6 6 5 0 5 0 4 7 0 5 
0 3 6 0 1 0 9 8 0 0 
2 0 7 2 4 6 0 1 7 0 
1 0 0 1 0 0 0 0 0 4 
0 0 0 5 7 3 5 0 0 6 
0 0 2 3 4 0 0 6 0 9 
7 0 8 0 0 0 0 4 5 2 
0 0 2 0 0 0 0 0 8 7 
8 5 3 0 2 6 7 0 0 3 
2 0 9 0 0 3 0 3 0 0 
0 6 2 3 0 1 4 9 0 0 
0 0 0 3 1 0 0 0 2 0 
0 1 9 0 0 5 9 0 0 7 
0 3 0 3 0 6 4 0 0 6 
0 5 7 0 0 2 0 0 0 0 
0 8 0 0 0 4 0 4 5 9 
2 4 8 1 2 2 1 4 0 9 
0 0 0 8 3 7 0 0 0 7 
0 7 9 0 0 9 0 0 0 0 
3 0 0 8 4 0 0 8 3 0 
0 1 3 5 3 8 3 4 0 0 
0 8 0 0 0 3 6 8 9 4 
0 2 6 5 5 0 1 2 8 4 
0 2 7 0 5 9 0 6 0 4 
4 5 8 3 0 0 0 9 1 0 
2 3 0 9 0 0 1 1 2 0 
3 4 0 9 0 9 4 3 0 0 
6 7 0 5 5 6 5 0 2 0 
0 7 0 3 6 8 9 0 0 4 
4 1 0 0 1 9 9 2 0 0 
3 0 1 2 0 9 3 4 8 4 
0 1 0 0 0 0 3 5 5 5 
3 3 1 0 2 0 4 6 6 5 
8 4 7 8 5 0 3 9 2 7 
7 2 0 0 0 0 0 0 2 5 
0 0 6 0 0 0 0 0 0 3 
0 0 0 3 5 0 2 0 1 8 
8 2 5 0 4 3 0 0 0 0 
0 0 2 0 2 0 8 0 8 0 
0 0 7 9 7 1 5 0 1 7 
0 0 6 0 8 0 3 2 4 0 
0 0 8 0 0 5 1 0 0 0 
2 8 0 8 6 0 0 0 6 9 
0 7 0 0 0 0 1 3 5 0 
0 0 0 6 0 0 0 0 0 0 
5 0 9 8 5 0 6 6 0 0 
6 0 6 2 4 0 0 9 5 0 
6 5 2 0 0 0 0 0 5 0 
0 0 5 0 8 7 0 0 3 0 
1 0 5 0 3 8 6 7 0 3 
0 0 5 3 0 2 0 6 6 3 
0 7 9 0 0 0 4 0 0 7 
