Data of TT&C Time Windows

  Number of requirements         Number of equipments                   Scheduling horizon
                       5                           10                                           172800
Priorities of requirments:
2 5 9 2 1 
Number of laps of each requirment:
9 10 10 8 10 
setup times of each equipment:
360 360 360 360 360 360 360 360 360 360 
profits of each requirment on each equipment:
5 2 2 4 1 3 4 4 2 5 
4 4 2 1 5 2 1 2 5 3 
5 3 4 5 2 5 3 2 1 4 
5 1 5 3 3 3 2 3 3 3 
4 5 1 1 5 3 3 4 5 5 
lift or desced status of each lap of each rquirement(task):
1 1 1 1 0 0 0 0 0 
1 1 1 1 0 0 0 0 0 0 
1 1 1 1 0 0 0 0 0 0 
1 1 1 1 0 0 0 0 
1 1 1 1 0 0 0 0 0 0 
out status of each lap of each rquirement(task):
1 1 1 1 0 0 0 0 0 
1 1 1 1 0 0 0 0 0 0 
1 1 1 1 0 0 0 0 0 0 
0 0 0 1 1 1 1 1 
1 1 1 1 0 0 0 0 0 0 
in status of each lap of each rquirement(task):
0 0 0 0 1 1 1 1 1 
0 0 0 0 0 1 1 1 1 1 
0 0 0 0 0 1 1 1 1 1 
1 1 1 1 0 0 0 0 
0 0 0 0 0 1 1 1 1 1 
beginning time of each lap of each rquirement(task):
17411 22811 28211 33611 39011 44411 49811 55211 60611 
22387 27787 33187 38587 43987 49387 54787 60187 65587 70987 
12655 18055 23455 28855 34255 39655 45055 50455 55855 61255 
34831 40231 45631 51031 56431 61831 67231 72631 
20705 26105 31505 36905 42305 47705 53105 58505 63905 69305 
finish time of each lap of each rquirement(task):
22811 28211 33611 39011 44411 49811 55211 60611 66011 
27787 33187 38587 43987 49387 54787 60187 65587 70987 76387 
18055 23455 28855 34255 39655 45055 50455 55855 61255 66655 
40231 45631 51031 56431 61831 67231 72631 78031 
26105 31505 36905 42305 47705 53105 58505 63905 69305 74705 
the status that whether each lap of each rquirement(task) perfomed by each equipment: 
1 1 1 1 1 1 0 0 0 1 
0 1 0 1 1 1 1 0 1 1 
1 1 1 1 1 0 1 1 0 1 
1 1 1 0 0 0 1 1 1 1 
1 0 0 1 0 0 1 1 0 0 
1 0 0 0 1 1 1 0 0 1 
0 1 1 1 1 0 1 1 1 1 
1 0 0 0 1 1 1 0 1 0 
0 0 0 0 0 1 0 1 0 0 
1 0 1 1 1 1 1 1 1 1 
0 1 0 1 1 1 0 1 1 0 
0 1 1 1 1 0 0 1 0 0 
0 0 1 0 1 0 1 1 0 0 
1 0 1 1 1 0 0 1 1 0 
1 1 1 0 0 1 0 1 1 1 
0 0 1 1 1 0 0 1 0 1 
0 1 0 0 1 1 0 1 1 1 
1 1 0 1 1 0 1 1 1 1 
0 1 1 1 1 1 1 1 1 1 
1 0 1 1 1 1 0 0 0 1 
0 1 1 0 1 1 1 0 1 1 
1 0 1 0 0 0 1 1 0 0 
1 1 0 1 1 0 1 1 0 0 
1 1 1 0 1 1 1 1 1 1 
1 0 0 1 1 0 1 1 0 1 
1 1 0 0 1 1 1 1 0 1 
0 1 1 1 1 1 0 1 1 1 
1 1 1 0 1 1 1 1 1 0 
0 1 1 0 0 1 0 0 1 0 
0 0 1 1 1 0 1 1 1 1 
0 1 0 1 0 1 1 1 1 1 
1 0 1 1 1 1 0 1 1 1 
1 0 1 0 0 0 0 1 0 1 
1 1 1 0 1 1 0 0 0 0 
0 0 0 1 1 1 1 1 0 0 
1 1 0 1 0 0 1 1 1 1 
1 1 0 0 1 0 0 1 0 1 
0 0 1 0 1 0 0 0 0 1 
0 1 1 1 0 1 1 0 0 1 
0 0 0 0 0 0 1 0 0 1 
0 1 0 1 0 0 0 1 1 1 
1 1 1 1 1 0 1 1 1 0 
1 1 1 0 1 1 0 0 0 0 
1 1 1 1 1 1 1 0 0 1 
0 0 0 1 1 1 1 0 1 0 
0 1 0 0 0 1 1 1 1 0 
1 1 0 1 0 0 1 1 1 1 
the beginning time each lap of each rquirement(task) perfomed by each equipment: 
17527 20183 19433 21161 18112 20539 0 0 0 17762 
0 26865 0 22952 24669 23282 24502 0 23658 22905 
28761 31404 28775 30305 30014 0 30410 30730 0 28658 
34448 34370 34096 0 0 0 36730 36908 35805 36502 
43484 0 0 42313 0 0 39098 39923 0 0 
47495 0 0 0 45640 44974 44614 0 0 47859 
0 50973 53830 51498 50030 0 52516 53329 50780 50156 
58604 0 0 0 56221 59535 59171 0 57268 0 
0 0 0 0 0 63002 0 64145 0 0 
24208 0 25217 26335 23719 22900 24757 26424 24557 22773 
0 31811 0 28042 31868 29734 0 28097 30638 0 
0 36594 36146 37460 35435 0 0 37045 0 0 
0 0 40646 0 40911 0 38799 39748 0 0 
44226 0 44809 45721 44993 0 0 46956 45855 0 
50350 50881 51681 0 0 50239 0 49928 51363 52570 
0 0 58119 58677 55638 0 0 57644 0 55898 
0 61166 0 0 62386 61177 0 63262 63590 62699 
66313 67173 0 68622 66030 0 66805 67404 69360 68850 
0 71611 72399 72861 73327 72892 72691 71149 72975 74913 
12846 0 13715 16480 13583 12787 0 0 0 16602 
0 22520 19715 0 20959 19246 21709 0 20243 18241 
24576 0 26449 0 0 0 27222 26803 0 0 
30882 29896 0 32972 32178 0 32208 29888 0 0 
37648 36682 38308 0 34700 38728 36636 34303 36206 34381 
40246 0 0 40694 42399 0 43515 41487 0 41206 
48483 46737 0 0 47109 47760 46078 47724 0 48937 
0 50786 52009 51335 51914 53972 0 53127 53086 50786 
57808 55972 56248 0 56067 56134 57137 59042 58259 0 
0 62161 61762 0 0 65171 0 0 65364 0 
0 0 35564 34971 35343 0 37213 36958 38675 38491 
0 43328 0 41454 0 41656 44640 44358 43399 43897 
47948 0 48566 47514 46371 46847 0 49610 47855 48333 
52851 0 55292 0 0 0 0 55172 0 52500 
56916 60287 60494 0 56791 57405 0 0 0 0 
0 0 0 62051 65809 65940 64094 62408 0 0 
71516 69825 0 67480 0 0 68452 67755 69168 68536 
76792 76320 0 0 72895 0 0 74575 0 76808 
0 0 22124 0 23935 0 0 0 0 20881 
0 29362 30039 28305 0 27591 28025 0 0 27286 
0 0 0 0 0 0 33974 0 0 34460 
0 39610 0 38404 0 0 0 39504 41228 41386 
45032 42900 42486 44903 45488 0 42318 46722 44536 0 
48513 50918 49501 0 48118 51038 0 0 0 0 
56965 53548 56305 55376 54149 53841 53409 0 0 55805 
0 0 0 58609 59093 62457 58994 0 59403 0 
0 64132 0 0 0 66208 66751 68064 68045 0 
69903 71387 0 70231 0 0 72415 71348 71237 70590 
the finish time each lap of each rquirement(task) perfomed by each equipment: 
18134 21066 19826 21855 18700 21203 0 0 0 18467 
0 27516 0 23327 25222 23617 25174 0 24235 23559 
29393 32250 29107 30636 30605 0 31199 31037 0 29364 
35065 34856 34805 0 0 0 37216 37548 36615 37259 
43869 0 0 42754 0 0 39803 40432 0 0 
48038 0 0 0 46293 45650 45004 0 0 48396 
0 51729 54330 52051 50825 0 53305 54049 51406 50522 
59411 0 0 0 56865 59863 59522 0 57896 0 
0 0 0 0 0 63374 0 64864 0 0 
24918 0 25585 26636 24316 23444 25579 27100 25333 23466 
0 32502 0 28382 32314 30080 0 28875 31003 0 
0 37062 36778 37810 35810 0 0 37541 0 0 
0 0 41530 0 41538 0 39346 40051 0 0 
44679 0 45703 46540 45345 0 0 47533 46471 0 
50764 51528 52417 0 0 50622 0 50413 51669 53193 
0 0 58428 59029 56101 0 0 58371 0 56336 
0 61743 0 0 63151 61956 0 64100 64381 63329 
67127 67630 0 69251 66378 0 67503 68054 69841 69266 
0 71957 72956 73746 74099 73309 73344 71454 73402 75490 
13532 0 14162 16852 14348 13542 0 0 0 17064 
0 23171 20122 0 21529 19966 22404 0 20686 19060 
24884 0 26990 0 0 0 27887 27464 0 0 
31439 30659 0 33643 33051 0 32544 30278 0 0 
38005 37158 39078 0 35081 39528 37517 35126 37017 35189 
40668 0 0 41306 43040 0 44204 41889 0 41685 
49037 47310 0 0 47602 48618 46660 48381 0 49265 
0 51469 52384 51890 52642 54483 0 53582 53769 51314 
58250 56868 56631 0 56751 56486 57651 59711 59058 0 
0 62921 62466 0 0 66024 0 0 65849 0 
0 0 35951 35790 35915 0 37790 37480 39545 39269 
0 43825 0 41979 0 42512 45028 44907 43900 44527 
48248 0 48946 48269 47186 47547 0 50441 48469 49227 
53354 0 55720 0 0 0 0 55797 0 53159 
57636 60971 60920 0 57280 58093 0 0 0 0 
0 0 0 62768 66238 66693 64962 62761 0 0 
72179 70407 0 68373 0 0 69273 68630 69968 68895 
77147 77016 0 0 73776 0 0 75441 0 77624 
0 0 22661 0 24818 0 0 0 0 21717 
0 29681 30755 28993 0 28436 28829 0 0 27922 
0 0 0 0 0 0 34830 0 0 35053 
0 40108 0 39051 0 0 0 40142 41934 42199 
45544 43280 43137 45224 46182 0 42840 47096 45089 0 
48892 51257 50236 0 48583 51724 0 0 0 0 
57390 54051 56630 55770 54536 54163 54080 0 0 56698 
0 0 0 58911 59982 62917 59539 0 60228 0 
0 64885 0 0 0 67096 67149 68400 68558 0 
70285 71849 0 70745 0 0 73159 72005 72021 71329 
the elevation angle  each lap of each rquirement(task) perfomed by each equipment: 
10 14 11 14 12 12 0 0 0 12 
0 13 0 11 13 13 13 0 12 12 
11 11 14 11 11 0 12 10 0 10 
14 11 13 0 0 0 14 11 12 14 
13 0 0 13 0 0 10 12 0 0 
11 0 0 0 14 14 12 0 0 13 
0 10 14 13 14 0 14 14 14 12 
14 0 0 0 11 12 11 0 10 0 
0 0 0 0 0 13 0 12 0 0 
10 0 14 10 11 13 11 12 10 14 
0 10 0 14 12 10 0 12 11 0 
0 14 12 10 12 0 0 13 0 0 
0 0 13 0 13 0 14 12 0 0 
11 0 11 12 10 0 0 13 11 0 
11 13 12 0 0 14 0 14 12 14 
0 0 13 11 13 0 0 13 0 12 
0 10 0 0 11 12 0 14 13 10 
11 12 0 10 10 0 13 11 14 12 
0 11 10 13 14 11 14 11 10 12 
11 0 14 10 12 11 0 0 0 12 
0 11 13 0 10 13 14 0 13 12 
12 0 13 0 0 0 10 12 0 0 
11 11 0 11 14 0 10 12 0 0 
13 10 14 0 10 12 14 10 10 13 
11 0 0 14 14 0 14 10 0 14 
12 14 0 0 12 14 13 14 0 11 
0 10 11 12 12 10 0 13 12 12 
14 14 11 0 11 10 10 11 11 0 
0 11 12 0 0 11 0 0 14 0 
0 0 10 10 13 0 14 12 14 14 
0 12 0 13 0 12 10 11 14 11 
14 0 12 14 12 12 0 11 14 14 
11 0 13 0 0 0 0 10 0 14 
13 14 13 0 14 12 0 0 0 0 
0 0 0 13 14 11 12 12 0 0 
12 13 0 12 0 0 10 10 12 10 
11 14 0 0 14 0 0 13 0 11 
0 0 13 0 14 0 0 0 0 14 
0 12 10 12 0 13 10 0 0 11 
0 0 0 0 0 0 11 0 0 12 
0 13 0 10 0 0 0 10 13 14 
12 12 11 11 14 0 14 13 10 0 
10 11 11 0 14 12 0 0 0 0 
11 13 12 14 11 10 11 0 0 12 
0 0 0 14 11 11 11 0 12 0 
0 12 0 0 0 14 14 12 10 0 
13 14 0 10 0 0 14 10 10 10 
最小跟踪时长约束: 
1005 1040 1018 1068 1056 1056 0 0 0 1022 
0 1085 0 1097 1066 1017 1062 0 1012 1062 
1021 1083 1095 1064 1079 0 1042 1038 0 1092 
1048 1002 1037 0 0 0 1078 1063 1061 1071 
1031 0 0 1020 0 0 1027 1062 0 0 
1064 0 0 0 1006 1020 1024 0 0 1002 
0 1036 1034 1003 1011 0 1029 1037 1001 1026 
1064 0 0 0 1007 1029 1073 0 1094 0 
0 0 0 0 0 1068 0 1006 0 0 
1035 0 1044 1056 1033 1088 1099 1030 1097 1049 
0 1099 0 1025 1095 1071 0 1022 1089 0 
0 1082 1052 1096 1037 0 0 1060 0 0 
0 0 1051 0 1076 0 1038 1021 0 0 
1068 0 1016 1022 1068 0 0 1092 1082 0 
1098 1000 1053 0 0 1002 0 1097 1020 1021 
0 0 1083 1006 1010 0 0 1028 0 1094 
0 1039 0 0 1093 1044 0 1036 1035 1013 
1073 1030 0 1069 1039 0 1096 1054 1067 1089 
0 1038 1012 1081 1055 1013 1024 1009 1051 1075 
1026 0 1071 1006 1011 1073 0 0 0 1093 
0 1019 1068 0 1064 1077 1023 0 1083 1079 
1050 0 1098 0 0 0 1021 1050 0 0 
1023 1053 0 1069 1091 0 1066 1040 0 0 
1083 1072 1016 0 1007 1040 1070 1045 1079 1060 
1000 0 0 1019 1006 0 1002 1099 0 1066 
1055 1030 0 0 1023 1035 1090 1097 0 1082 
0 1065 1068 1088 1048 1080 0 1022 1034 1047 
1043 1035 1044 0 1096 1019 1051 1022 1033 0 
0 1090 1033 0 0 1024 0 0 1092 0 
0 0 1093 1077 1080 0 1020 1070 1075 1069 
0 1026 0 1061 0 1006 1005 1079 1045 1084 
1091 0 1032 1069 1004 1036 0 1050 1080 1062 
1059 0 1000 0 0 0 0 1062 0 1020 
1082 1029 1060 0 1017 1051 0 0 0 0 
0 0 0 1018 1073 1082 1047 1064 0 0 
1021 1094 0 1070 0 0 1017 1022 1090 1039 
1029 1094 0 0 1093 0 0 1005 0 1095 
0 0 1013 0 1070 0 0 0 0 1030 
0 1025 1060 1060 0 1023 1084 0 0 1008 
0 0 0 0 0 0 1053 0 0 1061 
0 1035 0 1042 0 0 0 1090 1050 1078 
1051 1062 1046 1018 1003 0 1049 1008 1084 0 
1076 1070 1076 0 1096 1020 0 0 0 0 
1037 1007 1007 1083 1026 1085 1094 0 0 1002 
0 0 0 1030 1065 1096 1038 0 1067 0 
0 1073 0 0 0 1029 1097 1005 1088 0 
1085 1010 0 1092 0 0 1034 1076 1004 1067 
最小跟踪时长约束: 
1 7 1 8 0 2 0 0 0 3 
0 7 0 9 3 2 9 0 3 5 
5 3 7 2 0 0 3 4 0 9 
7 0 3 0 0 0 9 7 1 6 
5 0 0 7 0 0 7 7 0 0 
5 0 0 0 6 5 6 0 0 3 
0 0 3 5 2 0 9 4 2 2 
1 0 0 0 0 4 2 0 2 0 
0 0 0 0 0 7 0 2 0 0 
7 0 4 1 0 6 2 2 6 1 
0 2 0 9 3 2 0 8 4 0 
0 3 5 1 1 0 0 9 0 0 
0 0 8 0 2 0 7 8 0 0 
5 0 4 2 1 0 0 7 2 0 
2 1 7 0 0 8 0 7 4 2 
0 0 9 2 0 0 0 5 0 3 
0 8 0 0 2 9 0 9 5 3 
8 6 0 4 5 0 1 9 4 3 
0 6 7 8 4 7 1 4 3 1 
2 0 6 1 1 2 0 0 0 1 
0 3 5 0 1 9 8 0 7 5 
6 0 9 0 0 0 0 1 0 0 
5 1 0 2 5 0 5 7 0 0 
3 7 8 0 8 5 6 1 3 7 
8 0 0 1 6 0 8 2 0 4 
4 8 0 0 8 1 6 4 0 7 
0 8 7 7 2 0 0 6 2 4 
2 1 3 0 9 3 5 8 9 0 
0 0 8 0 0 2 0 0 8 0 
0 0 7 0 6 0 2 2 0 4 
0 5 0 3 0 7 4 5 5 0 
8 0 4 4 5 9 0 8 6 2 
8 0 8 0 0 0 0 7 0 0 
2 0 8 0 3 4 0 0 0 0 
0 0 0 7 7 1 3 2 0 0 
6 1 0 2 0 0 0 4 5 5 
1 0 0 0 7 0 0 1 0 2 
0 0 3 0 1 0 0 0 0 2 
0 2 9 3 0 6 7 0 0 9 
0 0 0 0 0 0 8 0 0 7 
0 9 0 3 0 0 0 8 5 8 
6 8 0 8 5 0 9 6 1 0 
3 1 1 0 3 2 0 0 0 0 
7 8 3 4 4 3 1 0 0 0 
0 0 0 6 5 7 9 0 9 0 
0 0 0 0 0 8 8 4 5 0 
1 5 0 5 0 0 3 2 8 6 
